0 [6.00e+01]
50 [6.01e+01]
100 [6.01e+01]
150 [6.02e+01]
200 [6.03e+01]
250 [6.03e+01]
300 [6.04e+01]
350 [6.04e+01]
400 [6.05e+01]
450 [6.05e+01]
500 [6.06e+01]
550 [6.06e+01]
600 [6.06e+01]
650 [6.05e+01]
700 [6.04e+01]
750 [6.04e+01]
800 [6.03e+01]
850 [6.02e+01]
900 [6.01e+01]
950 [6.01e+01]
1000 [6.00e+01]
1050 [5.99e+01]
1100 [5.99e+01]
1150 [5.98e+01]
1200 [5.97e+01]
1250 [5.97e+01]
1300 [5.96e+01]
1350 [5.95e+01]
1400 [5.95e+01]
1450 [5.94e+01]
1500 [5.94e+01]
1550 [5.93e+01]
1600 [5.92e+01]
1650 [5.92e+01]
1700 [5.91e+01]
1750 [5.91e+01]
1800 [5.90e+01]
1850 [5.90e+01]
1900 [5.89e+01]
1950 [5.88e+01]
2000 [5.88e+01]
2050 [5.87e+01]
2100 [5.87e+01]
2150 [5.86e+01]
2200 [5.86e+01]
2250 [5.85e+01]
2300 [5.85e+01]
2350 [5.84e+01]
2400 [5.83e+01]
2450 [5.83e+01]
2500 [5.82e+01]
2550 [5.82e+01]
2600 [5.81e+01]
2650 [5.81e+01]
2700 [5.80e+01]
2750 [5.80e+01]
2800 [5.79e+01]
2850 [5.79e+01]
2900 [5.78e+01]
2950 [5.78e+01]
3000 [5.77e+01]
3050 [5.76e+01]
3100 [5.76e+01]
3150 [5.75e+01]
3200 [5.75e+01]
3250 [5.74e+01]
3300 [5.74e+01]
3350 [5.73e+01]
3400 [5.73e+01]
3450 [5.72e+01]
3500 [5.72e+01]
3550 [5.71e+01]
3600 [5.71e+01]
3650 [5.70e+01]
3700 [5.70e+01]
3750 [5.69e+01]
3800 [5.69e+01]
3850 [5.68e+01]
3900 [5.67e+01]
3950 [5.67e+01]
4000 [5.66e+01]
4050 [5.66e+01]
4100 [5.65e+01]
4150 [5.65e+01]
4200 [5.64e+01]
4250 [5.64e+01]
4300 [5.63e+01]
4350 [5.63e+01]
4400 [5.62e+01]
4450 [5.62e+01]
4500 [5.61e+01]
4550 [5.61e+01]
4600 [5.60e+01]
4650 [5.60e+01]
4700 [5.59e+01]
4750 [5.59e+01]
4800 [5.58e+01]
4850 [5.58e+01]
4900 [5.57e+01]
4950 [5.57e+01]
5000 [5.56e+01]
5050 [5.55e+01]
5100 [5.55e+01]
5150 [5.54e+01]
5200 [5.54e+01]
5250 [5.53e+01]
5300 [5.53e+01]
5350 [5.52e+01]
5400 [5.52e+01]
5450 [5.51e+01]
5500 [5.51e+01]
5550 [5.50e+01]
5600 [5.50e+01]
5650 [5.49e+01]
5700 [5.49e+01]
5750 [5.48e+01]
5800 [5.48e+01]
5850 [5.47e+01]
5900 [5.47e+01]
5950 [5.46e+01]
6000 [5.46e+01]
6050 [5.45e+01]
6100 [5.45e+01]
6150 [5.44e+01]
6200 [5.43e+01]
6250 [5.43e+01]
6300 [5.42e+01]
6350 [5.42e+01]
6400 [5.41e+01]
6450 [5.41e+01]
6500 [5.40e+01]
6550 [5.40e+01]
6600 [5.39e+01]
6650 [5.39e+01]
6700 [5.38e+01]
6750 [5.38e+01]
6800 [5.37e+01]
6850 [5.37e+01]
6900 [5.36e+01]
6950 [5.36e+01]
7000 [5.35e+01]
7050 [5.35e+01]
7100 [5.34e+01]
7150 [5.34e+01]
7200 [5.33e+01]
7250 [5.33e+01]
7300 [5.32e+01]
7350 [5.32e+01]
7400 [5.31e+01]
7450 [5.31e+01]
7500 [5.30e+01]
7550 [5.30e+01]
7600 [5.29e+01]
7650 [5.28e+01]
7700 [5.28e+01]
7750 [5.27e+01]
7800 [5.27e+01]
7850 [5.26e+01]
7900 [5.26e+01]
7950 [5.25e+01]
8000 [5.25e+01]
8050 [5.24e+01]
8100 [5.24e+01]
8150 [5.23e+01]
8200 [5.23e+01]
8250 [5.22e+01]
8300 [5.22e+01]
8350 [5.21e+01]
8400 [5.21e+01]
8450 [5.20e+01]
8500 [5.20e+01]
8550 [5.19e+01]
8600 [5.19e+01]
8650 [5.18e+01]
8700 [5.18e+01]
8750 [5.17e+01]
8800 [5.17e+01]
8850 [5.16e+01]
8900 [5.16e+01]
8950 [5.15e+01]
9000 [5.15e+01]
9050 [5.14e+01]
9100 [5.14e+01]
9150 [5.13e+01]
9200 [5.13e+01]
9250 [5.12e+01]
9300 [5.12e+01]
9350 [5.11e+01]
9400 [5.10e+01]
9450 [5.10e+01]
9500 [5.09e+01]
9550 [5.09e+01]
9600 [5.08e+01]
9650 [5.08e+01]
9700 [5.07e+01]
9750 [5.07e+01]
9800 [5.06e+01]
9850 [5.06e+01]
9900 [5.05e+01]
9950 [5.05e+01]
10000 [5.04e+01]
10050 [5.04e+01]
10100 [5.03e+01]
10150 [5.03e+01]
10200 [5.02e+01]
10250 [5.02e+01]
10300 [5.01e+01]
10350 [5.01e+01]
10400 [5.00e+01]
10450 [5.00e+01]
10500 [4.99e+01]
10550 [4.99e+01]
10600 [4.98e+01]
10650 [4.98e+01]
10700 [4.97e+01]
10750 [4.97e+01]
10800 [4.96e+01]
10850 [4.96e+01]
10900 [4.95e+01]
10950 [4.95e+01]
11000 [4.94e+01]
11050 [4.94e+01]
11100 [4.93e+01]
11150 [4.93e+01]
11200 [4.92e+01]
11250 [4.92e+01]
11300 [4.91e+01]
11350 [4.91e+01]
11400 [4.90e+01]
11450 [4.90e+01]
11500 [4.89e+01]
11550 [4.89e+01]
11600 [4.88e+01]
11650 [4.87e+01]
11700 [4.87e+01]
11750 [4.86e+01]
11800 [4.86e+01]
11850 [4.85e+01]
11900 [4.85e+01]
11950 [4.84e+01]
12000 [4.84e+01]
12050 [4.83e+01]
12100 [4.83e+01]
12150 [4.82e+01]
12200 [4.82e+01]
12250 [4.81e+01]
12300 [4.81e+01]
12350 [4.80e+01]
12400 [4.80e+01]
12450 [4.79e+01]
12500 [4.79e+01]
12550 [4.78e+01]
12600 [4.78e+01]
12650 [4.77e+01]
12700 [4.77e+01]
12750 [4.76e+01]
12800 [4.76e+01]
12850 [4.75e+01]
12900 [4.75e+01]
12950 [4.74e+01]
13000 [4.74e+01]
13050 [4.73e+01]
13100 [4.73e+01]
13150 [4.72e+01]
13200 [4.72e+01]
13250 [4.71e+01]
13300 [4.71e+01]
13350 [4.70e+01]
13400 [4.70e+01]
13450 [4.69e+01]
13500 [4.69e+01]
13550 [4.68e+01]
13600 [4.68e+01]
13650 [4.67e+01]
13700 [4.67e+01]
13750 [4.66e+01]
13800 [4.66e+01]
13850 [4.65e+01]
13900 [4.65e+01]
13950 [4.64e+01]
14000 [4.64e+01]
14050 [4.63e+01]
14100 [4.63e+01]
14150 [4.62e+01]
14200 [4.62e+01]
14250 [4.61e+01]
14300 [4.61e+01]
14350 [4.60e+01]
14400 [4.60e+01]
14450 [4.59e+01]
14500 [4.59e+01]
14550 [4.58e+01]
14600 [4.58e+01]
14650 [4.57e+01]
14700 [4.57e+01]
14750 [4.56e+01]
14800 [4.56e+01]
14850 [4.55e+01]
14900 [4.55e+01]
14950 [4.54e+01]
15000 [4.54e+01]
15050 [4.53e+01]
15100 [4.53e+01]
15150 [4.52e+01]
15200 [4.52e+01]
15250 [4.51e+01]
15300 [4.51e+01]
15350 [4.50e+01]
15400 [4.50e+01]
15450 [4.49e+01]
15500 [4.49e+01]
15550 [4.48e+01]
15600 [4.48e+01]
15650 [4.47e+01]
15700 [4.47e+01]
15750 [4.46e+01]
15800 [4.46e+01]
15850 [4.45e+01]
15900 [4.45e+01]
15950 [4.44e+01]
16000 [4.44e+01]
16050 [4.43e+01]
16100 [4.43e+01]
16150 [4.42e+01]
16200 [4.42e+01]
16250 [4.41e+01]
16300 [4.41e+01]
16350 [4.40e+01]
16400 [4.40e+01]
16450 [4.39e+01]
16500 [4.39e+01]
16550 [4.38e+01]
16600 [4.38e+01]
16650 [4.37e+01]
16700 [4.37e+01]
16750 [4.36e+01]
16800 [4.36e+01]
16850 [4.35e+01]
16900 [4.35e+01]
16950 [4.34e+01]
17000 [4.34e+01]
17050 [4.33e+01]
17100 [4.33e+01]
17150 [4.32e+01]
17200 [4.32e+01]
17250 [4.31e+01]
17300 [4.31e+01]
17350 [4.30e+01]
17400 [4.30e+01]
17450 [4.29e+01]
17500 [4.29e+01]
17550 [4.28e+01]
17600 [4.28e+01]
17650 [4.27e+01]
17700 [4.27e+01]
17750 [4.26e+01]
17800 [4.26e+01]
17850 [4.25e+01]
17900 [4.25e+01]
17950 [4.24e+01]
18000 [4.24e+01]
18050 [4.23e+01]
18100 [4.23e+01]
18150 [4.22e+01]
18200 [4.22e+01]
18250 [4.21e+01]
18300 [4.21e+01]
18350 [4.20e+01]
18400 [4.20e+01]
18450 [4.19e+01]
18500 [4.19e+01]
18550 [4.18e+01]
18600 [4.18e+01]
18650 [4.17e+01]
18700 [4.17e+01]
18750 [4.16e+01]
18800 [4.16e+01]
18850 [4.15e+01]
18900 [4.15e+01]
18950 [4.14e+01]
19000 [4.14e+01]
19050 [4.14e+01]
19100 [4.13e+01]
19150 [4.13e+01]
19200 [4.12e+01]
19250 [4.12e+01]
19300 [4.11e+01]
19350 [4.11e+01]
19400 [4.10e+01]
19450 [4.10e+01]
19500 [4.09e+01]
19550 [4.09e+01]
19600 [4.08e+01]
19650 [4.08e+01]
19700 [4.07e+01]
19750 [4.07e+01]
19800 [4.06e+01]
19850 [4.06e+01]
19900 [4.05e+01]
19950 [4.05e+01]
20000 [4.04e+01]
20050 [4.04e+01]
20100 [4.03e+01]
20150 [4.03e+01]
20200 [4.03e+01]
20250 [4.02e+01]
20300 [4.02e+01]
20350 [4.01e+01]
20400 [4.01e+01]
20450 [4.00e+01]
20500 [4.00e+01]
20550 [3.99e+01]
20600 [3.99e+01]
20650 [3.98e+01]
20700 [3.98e+01]
20750 [3.97e+01]
20800 [3.97e+01]
20850 [3.96e+01]
20900 [3.96e+01]
20950 [3.96e+01]
21000 [3.95e+01]
21050 [3.95e+01]
21100 [3.94e+01]
21150 [3.94e+01]
21200 [3.93e+01]
21250 [3.93e+01]
21300 [3.92e+01]
21350 [3.92e+01]
21400 [3.91e+01]
21450 [3.91e+01]
21500 [3.90e+01]
21550 [3.90e+01]
21600 [3.90e+01]
21650 [3.89e+01]
21700 [3.89e+01]
21750 [3.88e+01]
21800 [3.88e+01]
21850 [3.87e+01]
21900 [3.87e+01]
21950 [3.86e+01]
22000 [3.86e+01]
22050 [3.86e+01]
22100 [3.85e+01]
22150 [3.85e+01]
22200 [3.84e+01]
22250 [3.84e+01]
22300 [3.83e+01]
22350 [3.83e+01]
22400 [3.82e+01]
22450 [3.82e+01]
22500 [3.82e+01]
22550 [3.81e+01]
22600 [3.81e+01]
22650 [3.80e+01]
22700 [3.80e+01]
22750 [3.79e+01]
22800 [3.79e+01]
22850 [3.79e+01]
22900 [3.78e+01]
22950 [3.78e+01]
23000 [3.77e+01]
23050 [3.77e+01]
23100 [3.76e+01]
23150 [3.76e+01]
23200 [3.76e+01]
23250 [3.75e+01]
23300 [3.75e+01]
23350 [3.74e+01]
23400 [3.74e+01]
23450 [3.73e+01]
23500 [3.73e+01]
23550 [3.73e+01]
23600 [3.72e+01]
23650 [3.72e+01]
23700 [3.71e+01]
23750 [3.71e+01]
23800 [3.71e+01]
23850 [3.70e+01]
23900 [3.70e+01]
23950 [3.69e+01]
24000 [3.69e+01]
24050 [3.69e+01]
24100 [3.68e+01]
24150 [3.68e+01]
24200 [3.67e+01]
24250 [3.67e+01]
24300 [3.67e+01]
24350 [3.66e+01]
24400 [3.66e+01]
24450 [3.66e+01]
24500 [3.65e+01]
24550 [3.65e+01]
24600 [3.65e+01]
24650 [3.64e+01]
24700 [3.64e+01]
24750 [3.63e+01]
24800 [3.63e+01]
24850 [3.63e+01]
24900 [3.62e+01]
24950 [3.62e+01]
25000 [3.62e+01]
25050 [3.61e+01]
25100 [3.61e+01]
25150 [3.61e+01]
25200 [3.60e+01]
25250 [3.60e+01]
25300 [3.60e+01]
25350 [3.59e+01]
25400 [3.59e+01]
25450 [3.59e+01]
25500 [3.58e+01]
25550 [3.58e+01]
25600 [3.58e+01]
25650 [3.58e+01]
25700 [3.57e+01]
25750 [3.57e+01]
25800 [3.57e+01]
25850 [3.56e+01]
25900 [3.56e+01]
25950 [3.56e+01]
26000 [3.56e+01]
26050 [3.55e+01]
26100 [3.55e+01]
26150 [3.55e+01]
26200 [3.55e+01]
26250 [3.54e+01]
26300 [3.54e+01]
26350 [3.54e+01]
26400 [3.54e+01]
26450 [3.53e+01]
26500 [3.53e+01]
26550 [3.53e+01]
26600 [3.53e+01]
26650 [3.53e+01]
26700 [3.52e+01]
26750 [3.52e+01]
26800 [3.52e+01]
26850 [3.52e+01]
26900 [3.52e+01]
26950 [3.51e+01]
27000 [3.51e+01]
27050 [3.51e+01]
27100 [3.51e+01]
27150 [3.51e+01]
27200 [3.51e+01]
27250 [3.51e+01]
27300 [3.50e+01]
27350 [3.50e+01]
27400 [3.50e+01]
27450 [3.50e+01]
27500 [3.50e+01]
27550 [3.50e+01]
27600 [3.50e+01]
27650 [3.50e+01]
27700 [3.50e+01]
27750 [3.50e+01]
27800 [3.49e+01]
27850 [3.49e+01]
27900 [3.49e+01]
27950 [3.49e+01]
28000 [3.49e+01]
28050 [3.49e+01]
28100 [3.49e+01]
28150 [3.49e+01]
28200 [3.49e+01]
28250 [3.49e+01]
28300 [3.49e+01]
28350 [3.49e+01]
28400 [3.49e+01]
28450 [3.49e+01]
28500 [3.49e+01]
28550 [3.49e+01]
28600 [3.49e+01]
28650 [3.49e+01]
28700 [3.49e+01]
28750 [3.49e+01]
28800 [3.49e+01]
28850 [3.49e+01]
28900 [3.49e+01]
28950 [3.49e+01]
29000 [3.49e+01]
29050 [3.49e+01]
29100 [3.49e+01]
29150 [3.49e+01]
29200 [3.49e+01]
29250 [3.49e+01]
29300 [3.49e+01]
29350 [3.49e+01]
29400 [3.49e+01]
29450 [3.49e+01]
29500 [3.49e+01]
29550 [3.49e+01]
29600 [3.49e+01]
29650 [3.49e+01]
29700 [3.49e+01]
29750 [3.49e+01]
29800 [3.49e+01]
29850 [3.49e+01]
29900 [3.49e+01]
29950 [3.49e+01]
30000 [3.49e+01]
30050 [3.49e+01]
30100 [3.49e+01]
30150 [3.49e+01]
30200 [3.49e+01]
30250 [3.49e+01]
30300 [3.49e+01]
30350 [3.49e+01]
30400 [3.49e+01]
30450 [3.49e+01]
30500 [3.49e+01]
30550 [3.49e+01]
30600 [3.49e+01]
30650 [3.49e+01]
30700 [3.49e+01]
30750 [3.49e+01]
30800 [3.49e+01]
30850 [3.49e+01]
30900 [3.49e+01]
30950 [3.49e+01]
31000 [3.49e+01]
31050 [3.49e+01]
31100 [3.49e+01]
31150 [3.49e+01]
31200 [3.49e+01]
31250 [3.49e+01]
31300 [3.49e+01]
31350 [3.49e+01]
31400 [3.49e+01]
31450 [3.49e+01]
31500 [3.49e+01]
31550 [3.49e+01]
31600 [3.49e+01]
31650 [3.49e+01]
31700 [3.49e+01]
31750 [3.49e+01]
31800 [3.49e+01]
31850 [3.49e+01]
31900 [3.49e+01]
31950 [3.49e+01]
32000 [3.49e+01]
32050 [3.49e+01]
32100 [3.49e+01]
32150 [3.49e+01]
32200 [3.49e+01]
32250 [3.49e+01]
32300 [3.49e+01]
32350 [3.49e+01]
32400 [3.49e+01]
32450 [3.49e+01]
32500 [3.49e+01]
32550 [3.49e+01]
32600 [3.49e+01]
32650 [3.49e+01]
32700 [3.49e+01]
32750 [3.49e+01]
32800 [3.49e+01]
32850 [3.49e+01]
32900 [3.49e+01]
32950 [3.49e+01]
33000 [3.49e+01]
33050 [3.49e+01]
33100 [3.49e+01]
33150 [3.49e+01]
33200 [3.49e+01]
33250 [3.49e+01]
33300 [3.49e+01]
33350 [3.49e+01]
33400 [3.49e+01]
33450 [3.49e+01]
33500 [3.49e+01]
33550 [3.48e+01]
33600 [3.49e+01]
33650 [3.48e+01]
33700 [3.48e+01]
33750 [3.48e+01]
33800 [3.48e+01]
33850 [3.48e+01]
33900 [3.48e+01]
33950 [3.48e+01]
34000 [3.48e+01]
34050 [3.48e+01]
34100 [3.48e+01]
34150 [3.48e+01]
34200 [3.48e+01]
34250 [3.48e+01]
34300 [3.48e+01]
34350 [3.48e+01]
34400 [3.48e+01]
34450 [3.48e+01]
34500 [3.48e+01]
34550 [3.48e+01]
34600 [3.48e+01]
34650 [3.48e+01]
34700 [3.48e+01]
34750 [3.48e+01]
34800 [3.48e+01]
34850 [3.48e+01]
34900 [3.48e+01]
34950 [3.48e+01]
35000 [3.48e+01]
35050 [3.48e+01]
35100 [3.48e+01]
35150 [3.48e+01]
35200 [3.48e+01]
35250 [3.48e+01]
35300 [3.48e+01]
35350 [3.48e+01]
35400 [3.48e+01]
35450 [3.48e+01]
35500 [3.48e+01]
35550 [3.48e+01]
35600 [3.48e+01]
35650 [3.48e+01]
35700 [3.48e+01]
35750 [3.48e+01]
35800 [3.48e+01]
35850 [3.48e+01]
35900 [3.48e+01]
35950 [3.48e+01]
36000 [3.48e+01]
36050 [3.48e+01]
36100 [3.48e+01]
36150 [3.48e+01]
36200 [3.48e+01]
36250 [3.48e+01]
36300 [3.48e+01]
36350 [3.48e+01]
36400 [3.48e+01]
36450 [3.48e+01]
36500 [3.48e+01]
36550 [3.48e+01]
36600 [3.48e+01]
36650 [3.48e+01]
36700 [3.48e+01]
36750 [3.48e+01]
36800 [3.48e+01]
36850 [3.48e+01]
36900 [3.48e+01]
36950 [3.48e+01]
37000 [3.48e+01]
37050 [3.48e+01]
37100 [3.48e+01]
37150 [3.48e+01]
37200 [3.48e+01]
37250 [3.48e+01]
37300 [3.48e+01]
37350 [3.48e+01]
37400 [3.48e+01]
37450 [3.48e+01]
37500 [3.48e+01]
37550 [3.48e+01]
37600 [3.48e+01]
37650 [3.48e+01]
37700 [3.48e+01]
37750 [3.48e+01]
37800 [3.48e+01]
37850 [3.48e+01]
37900 [3.48e+01]
37950 [3.48e+01]
38000 [3.48e+01]
38050 [3.48e+01]
38100 [3.48e+01]
38150 [3.48e+01]
38200 [3.48e+01]
38250 [3.48e+01]
38300 [3.48e+01]
38350 [3.48e+01]
38400 [3.48e+01]
38450 [3.48e+01]
38500 [3.48e+01]
38550 [3.48e+01]
38600 [3.48e+01]
38650 [3.48e+01]
38700 [3.48e+01]
38750 [3.48e+01]
38800 [3.48e+01]
38850 [3.48e+01]
38900 [3.48e+01]
38950 [3.48e+01]
39000 [3.48e+01]
39050 [3.48e+01]
39100 [3.48e+01]
39150 [3.48e+01]
39200 [3.48e+01]
39250 [3.48e+01]
39300 [3.48e+01]
39350 [3.48e+01]
39400 [3.48e+01]
39450 [3.48e+01]
39500 [3.48e+01]
39550 [3.48e+01]
39600 [3.48e+01]
39650 [3.48e+01]
39700 [3.48e+01]
39750 [3.48e+01]
39800 [3.48e+01]
39850 [3.48e+01]
39900 [3.48e+01]
39950 [3.48e+01]
40000 [3.48e+01]
40050 [3.48e+01]
40100 [3.48e+01]
40150 [3.48e+01]
40200 [3.48e+01]
40250 [3.48e+01]
40300 [3.48e+01]
40350 [3.48e+01]
40400 [3.48e+01]
40450 [3.48e+01]
40500 [3.48e+01]
40550 [3.48e+01]
40600 [3.48e+01]
40650 [3.48e+01]
40700 [3.48e+01]
40750 [3.48e+01]
40800 [3.48e+01]
40850 [3.48e+01]
40900 [3.48e+01]
40950 [3.48e+01]
41000 [3.48e+01]
41050 [3.48e+01]
41100 [3.48e+01]
41150 [3.48e+01]
41200 [3.48e+01]
41250 [3.48e+01]
41300 [3.48e+01]
41350 [3.48e+01]
41400 [3.48e+01]
41450 [3.48e+01]
41500 [3.48e+01]
41550 [3.48e+01]
41600 [3.48e+01]
41650 [3.48e+01]
41700 [3.48e+01]
41750 [3.48e+01]
41800 [3.48e+01]
41850 [3.48e+01]
41900 [3.48e+01]
41950 [3.48e+01]
42000 [3.48e+01]
42050 [3.48e+01]
42100 [3.48e+01]
42150 [3.48e+01]
42200 [3.48e+01]
42250 [3.48e+01]
42300 [3.48e+01]
42350 [3.48e+01]
42400 [3.48e+01]
42450 [3.48e+01]
42500 [3.48e+01]
42550 [3.48e+01]
42600 [3.48e+01]
42650 [3.48e+01]
42700 [3.48e+01]
42750 [3.48e+01]
42800 [3.48e+01]
42850 [3.48e+01]
42900 [3.48e+01]
42950 [3.48e+01]
43000 [3.48e+01]
43050 [3.48e+01]
43100 [3.48e+01]
43150 [3.48e+01]
43200 [3.48e+01]
43250 [3.48e+01]
43300 [3.48e+01]
43350 [3.48e+01]
43400 [3.48e+01]
43450 [3.48e+01]
43500 [3.48e+01]
43550 [3.48e+01]
43600 [3.48e+01]
43650 [3.48e+01]
43700 [3.48e+01]
43750 [3.48e+01]
43800 [3.48e+01]
43850 [3.48e+01]
43900 [3.48e+01]
43950 [3.48e+01]
44000 [3.48e+01]
44050 [3.48e+01]
44100 [3.48e+01]
44150 [3.48e+01]
44200 [3.48e+01]
44250 [3.48e+01]
44300 [3.48e+01]
44350 [3.48e+01]
44400 [3.48e+01]
44450 [3.48e+01]
44500 [3.48e+01]
44550 [3.48e+01]
44600 [3.48e+01]
44650 [3.48e+01]
44700 [3.48e+01]
44750 [3.48e+01]
44800 [3.48e+01]
44850 [3.48e+01]
44900 [3.48e+01]
44950 [3.48e+01]
45000 [3.48e+01]
45050 [3.48e+01]
45100 [3.48e+01]
45150 [3.48e+01]
45200 [3.48e+01]
45250 [3.48e+01]
45300 [3.48e+01]
45350 [3.48e+01]
45400 [3.48e+01]
45450 [3.48e+01]
45500 [3.48e+01]
45550 [3.48e+01]
45600 [3.48e+01]
45650 [3.48e+01]
45700 [3.48e+01]
45750 [3.48e+01]
45800 [3.48e+01]
45850 [3.48e+01]
45900 [3.48e+01]
45950 [3.48e+01]
46000 [3.48e+01]
46050 [3.48e+01]
46100 [3.48e+01]
46150 [3.48e+01]
46200 [3.48e+01]
46250 [3.48e+01]
46300 [3.48e+01]
46350 [3.48e+01]
46400 [3.48e+01]
46450 [3.48e+01]
46500 [3.48e+01]
46550 [3.48e+01]
46600 [3.48e+01]
46650 [3.48e+01]
46700 [3.48e+01]
46750 [3.48e+01]
46800 [3.48e+01]
46850 [3.48e+01]
46900 [3.48e+01]
46950 [3.48e+01]
47000 [3.48e+01]
47050 [3.48e+01]
47100 [3.48e+01]
47150 [3.48e+01]
47200 [3.48e+01]
47250 [3.48e+01]
47300 [3.48e+01]
47350 [3.48e+01]
47400 [3.48e+01]
47450 [3.48e+01]
47500 [3.48e+01]
47550 [3.48e+01]
47600 [3.48e+01]
47650 [3.48e+01]
47700 [3.48e+01]
47750 [3.48e+01]
47800 [3.48e+01]
47850 [3.48e+01]
47900 [3.48e+01]
47950 [3.48e+01]
48000 [3.48e+01]
48050 [3.48e+01]
48100 [3.48e+01]
48150 [3.48e+01]
48200 [3.48e+01]
48250 [3.48e+01]
48300 [3.48e+01]
48350 [3.48e+01]
48400 [3.48e+01]
48450 [3.48e+01]
48500 [3.48e+01]
48550 [3.48e+01]
48600 [3.48e+01]
48650 [3.48e+01]
48700 [3.48e+01]
48750 [3.48e+01]
48800 [3.48e+01]
48850 [3.48e+01]
48900 [3.48e+01]
48950 [3.48e+01]
49000 [3.48e+01]
49050 [3.48e+01]
49100 [3.48e+01]
49150 [3.48e+01]
49200 [3.48e+01]
49250 [3.48e+01]
49300 [3.48e+01]
49350 [3.48e+01]
49400 [3.48e+01]
49450 [3.48e+01]
49500 [3.48e+01]
49550 [3.48e+01]
49600 [3.48e+01]
49650 [3.48e+01]
49700 [3.48e+01]
49750 [3.48e+01]
49800 [3.48e+01]
49850 [3.48e+01]
49900 [3.48e+01]
49950 [3.48e+01]
50000 [3.48e+01]
