0 [1.00e-02]
50 [6.93e-03]
100 [1.07e-03]
150 [3.07e-06]
200 [2.49e-06]
250 [-1.45e-08]
300 [1.88e-08]
350 [7.79e-11]
400 [-2.64e-11]
450 [-6.41e-13]
500 [2.18e-13]
550 [3.86e-14]
600 [3.12e-15]
650 [3.44e-17]
700 [-1.55e-17]
750 [-8.16e-19]
800 [8.90e-20]
850 [-4.18e-21]
900 [2.67e-22]
950 [-2.63e-23]
1000 [2.34e-24]
1050 [-1.62e-25]
1100 [2.09e-28]
1150 [9.59e-28]
1200 [4.79e-29]
1250 [-7.02e-30]
1300 [1.82e-31]
1350 [-3.28e-32]
1400 [2.75e-32]
1450 [8.44e-31]
1500 [2.53e-28]
1550 [3.95e-25]
1600 [2.37e-21]
1650 [4.47e-17]
1700 [2.16e-12]
1750 [2.17e-07]
1800 [8.73e-03]
1850 [3.19e-02]
1900 [3.35e-02]
1950 [3.53e-02]
2000 [3.66e-02]
2050 [3.77e-02]
2100 [3.84e-02]
2150 [3.90e-02]
2200 [3.95e-02]
2250 [3.97e-02]
2300 [4.01e-02]
2350 [4.02e-02]
2400 [4.02e-02]
2450 [4.00e-02]
2500 [3.99e-02]
2550 [3.97e-02]
2600 [3.95e-02]
2650 [3.93e-02]
2700 [3.91e-02]
2750 [3.90e-02]
2800 [3.88e-02]
2850 [3.86e-02]
2900 [3.85e-02]
2950 [3.84e-02]
3000 [3.83e-02]
3050 [3.81e-02]
3100 [3.80e-02]
3150 [3.79e-02]
3200 [3.78e-02]
3250 [3.77e-02]
3300 [3.76e-02]
3350 [3.75e-02]
3400 [3.75e-02]
3450 [3.74e-02]
3500 [3.73e-02]
3550 [3.72e-02]
3600 [3.71e-02]
3650 [3.70e-02]
3700 [3.69e-02]
3750 [3.69e-02]
3800 [3.68e-02]
3850 [3.67e-02]
3900 [3.66e-02]
3950 [3.66e-02]
4000 [3.65e-02]
4050 [3.65e-02]
4100 [3.64e-02]
4150 [3.64e-02]
4200 [3.63e-02]
4250 [3.63e-02]
4300 [3.62e-02]
4350 [3.62e-02]
4400 [3.62e-02]
4450 [3.62e-02]
4500 [3.61e-02]
4550 [3.61e-02]
4600 [3.61e-02]
4650 [3.61e-02]
4700 [3.61e-02]
4750 [3.61e-02]
4800 [3.60e-02]
4850 [3.60e-02]
4900 [3.60e-02]
4950 [3.60e-02]
5000 [3.60e-02]
5050 [3.60e-02]
5100 [3.60e-02]
5150 [3.59e-02]
5200 [3.59e-02]
5250 [3.59e-02]
5300 [3.59e-02]
5350 [3.59e-02]
5400 [3.59e-02]
5450 [3.58e-02]
5500 [3.58e-02]
5550 [3.58e-02]
5600 [3.58e-02]
5650 [3.57e-02]
5700 [3.57e-02]
5750 [3.57e-02]
5800 [3.57e-02]
5850 [3.57e-02]
5900 [3.56e-02]
5950 [3.56e-02]
6000 [3.56e-02]
6050 [3.56e-02]
6100 [3.56e-02]
6150 [3.56e-02]
6200 [3.56e-02]
6250 [3.55e-02]
6300 [3.55e-02]
6350 [3.55e-02]
6400 [3.55e-02]
6450 [3.55e-02]
6500 [3.55e-02]
6550 [3.55e-02]
6600 [3.55e-02]
6650 [3.55e-02]
6700 [3.54e-02]
6750 [3.54e-02]
6800 [3.54e-02]
6850 [3.54e-02]
6900 [3.54e-02]
6950 [3.54e-02]
7000 [3.54e-02]
7050 [3.54e-02]
7100 [3.54e-02]
7150 [3.54e-02]
7200 [3.54e-02]
7250 [3.54e-02]
7300 [3.53e-02]
7350 [3.53e-02]
7400 [3.53e-02]
7450 [3.53e-02]
7500 [3.53e-02]
7550 [3.53e-02]
7600 [3.53e-02]
7650 [3.53e-02]
7700 [3.53e-02]
7750 [3.53e-02]
7800 [3.53e-02]
7850 [3.53e-02]
7900 [3.53e-02]
7950 [3.53e-02]
8000 [3.53e-02]
8050 [3.53e-02]
8100 [3.53e-02]
8150 [3.53e-02]
8200 [3.53e-02]
8250 [3.53e-02]
8300 [3.53e-02]
8350 [3.53e-02]
8400 [3.52e-02]
8450 [3.52e-02]
8500 [3.52e-02]
8550 [3.52e-02]
8600 [3.52e-02]
8650 [3.52e-02]
8700 [3.52e-02]
8750 [3.52e-02]
8800 [3.52e-02]
8850 [3.52e-02]
8900 [3.52e-02]
8950 [3.52e-02]
9000 [3.52e-02]
9050 [3.52e-02]
9100 [3.52e-02]
9150 [3.52e-02]
9200 [3.52e-02]
9250 [3.52e-02]
9300 [3.52e-02]
9350 [3.52e-02]
9400 [3.52e-02]
9450 [3.52e-02]
9500 [3.51e-02]
9550 [3.51e-02]
9600 [3.51e-02]
9650 [3.51e-02]
9700 [3.51e-02]
9750 [3.51e-02]
9800 [3.51e-02]
9850 [3.51e-02]
9900 [3.51e-02]
9950 [3.51e-02]
10000 [3.51e-02]
10050 [3.51e-02]
10100 [3.51e-02]
10150 [3.51e-02]
10200 [3.51e-02]
10250 [3.51e-02]
10300 [3.51e-02]
10350 [3.51e-02]
10400 [3.50e-02]
10450 [3.50e-02]
10500 [3.50e-02]
10550 [3.50e-02]
10600 [3.50e-02]
10650 [3.50e-02]
10700 [3.50e-02]
10750 [3.50e-02]
10800 [3.50e-02]
10850 [3.50e-02]
10900 [3.50e-02]
10950 [3.50e-02]
11000 [3.50e-02]
11050 [3.50e-02]
11100 [3.50e-02]
11150 [3.50e-02]
11200 [3.49e-02]
11250 [3.49e-02]
11300 [3.49e-02]
11350 [3.49e-02]
11400 [3.49e-02]
11450 [3.49e-02]
11500 [3.49e-02]
11550 [3.49e-02]
11600 [3.49e-02]
11650 [3.49e-02]
11700 [3.49e-02]
11750 [3.49e-02]
11800 [3.49e-02]
11850 [3.49e-02]
11900 [3.49e-02]
11950 [3.49e-02]
12000 [3.48e-02]
12050 [3.48e-02]
12100 [3.48e-02]
12150 [3.48e-02]
12200 [3.48e-02]
12250 [3.48e-02]
12300 [3.48e-02]
12350 [3.48e-02]
12400 [3.48e-02]
12450 [3.48e-02]
12500 [3.48e-02]
12550 [3.48e-02]
12600 [3.48e-02]
12650 [3.48e-02]
12700 [3.48e-02]
12750 [3.48e-02]
12800 [3.48e-02]
12850 [3.48e-02]
12900 [3.48e-02]
12950 [3.48e-02]
13000 [3.48e-02]
13050 [3.48e-02]
13100 [3.47e-02]
13150 [3.47e-02]
13200 [3.47e-02]
13250 [3.47e-02]
13300 [3.47e-02]
13350 [3.47e-02]
13400 [3.47e-02]
13450 [3.47e-02]
13500 [3.47e-02]
13550 [3.47e-02]
13600 [3.47e-02]
13650 [3.47e-02]
13700 [3.47e-02]
13750 [3.47e-02]
13800 [3.47e-02]
13850 [3.47e-02]
13900 [3.47e-02]
13950 [3.47e-02]
14000 [3.47e-02]
14050 [3.47e-02]
14100 [3.47e-02]
14150 [3.47e-02]
14200 [3.47e-02]
14250 [3.47e-02]
14300 [3.47e-02]
14350 [3.47e-02]
14400 [3.47e-02]
14450 [3.47e-02]
14500 [3.47e-02]
14550 [3.47e-02]
14600 [3.47e-02]
14650 [3.47e-02]
14700 [3.47e-02]
14750 [3.47e-02]
14800 [3.47e-02]
14850 [3.47e-02]
14900 [3.47e-02]
14950 [3.47e-02]
15000 [3.47e-02]
15050 [3.46e-02]
15100 [3.47e-02]
15150 [3.47e-02]
15200 [3.46e-02]
15250 [3.46e-02]
15300 [3.46e-02]
15350 [3.46e-02]
15400 [3.46e-02]
15450 [3.46e-02]
15500 [3.46e-02]
15550 [3.46e-02]
15600 [3.46e-02]
15650 [3.46e-02]
15700 [3.46e-02]
15750 [3.46e-02]
15800 [3.46e-02]
15850 [3.46e-02]
15900 [3.46e-02]
15950 [3.46e-02]
16000 [3.46e-02]
16050 [3.46e-02]
16100 [3.46e-02]
16150 [3.46e-02]
16200 [3.46e-02]
16250 [3.46e-02]
16300 [3.46e-02]
16350 [3.46e-02]
16400 [3.46e-02]
16450 [3.46e-02]
16500 [3.46e-02]
16550 [3.46e-02]
16600 [3.46e-02]
16650 [3.46e-02]
16700 [3.46e-02]
16750 [3.46e-02]
16800 [3.46e-02]
16850 [3.46e-02]
16900 [3.46e-02]
16950 [3.46e-02]
17000 [3.46e-02]
17050 [3.46e-02]
17100 [3.46e-02]
17150 [3.46e-02]
17200 [3.46e-02]
17250 [3.46e-02]
17300 [3.46e-02]
17350 [3.46e-02]
17400 [3.46e-02]
17450 [3.46e-02]
17500 [3.46e-02]
17550 [3.46e-02]
17600 [3.46e-02]
17650 [3.46e-02]
17700 [3.46e-02]
17750 [3.46e-02]
17800 [3.46e-02]
17850 [3.46e-02]
17900 [3.46e-02]
17950 [3.46e-02]
18000 [3.46e-02]
18050 [3.46e-02]
18100 [3.46e-02]
18150 [3.46e-02]
18200 [3.46e-02]
18250 [3.46e-02]
18300 [3.46e-02]
18350 [3.46e-02]
18400 [3.46e-02]
18450 [3.46e-02]
18500 [3.46e-02]
18550 [3.46e-02]
18600 [3.46e-02]
18650 [3.46e-02]
18700 [3.46e-02]
18750 [3.46e-02]
18800 [3.46e-02]
18850 [3.46e-02]
18900 [3.46e-02]
18950 [3.46e-02]
19000 [3.46e-02]
19050 [3.46e-02]
19100 [3.46e-02]
19150 [3.46e-02]
19200 [3.46e-02]
19250 [3.46e-02]
19300 [3.46e-02]
19350 [3.46e-02]
19400 [3.46e-02]
19450 [3.46e-02]
19500 [3.46e-02]
19550 [3.46e-02]
19600 [3.46e-02]
19650 [3.46e-02]
19700 [3.46e-02]
19750 [3.46e-02]
19800 [3.46e-02]
19850 [3.46e-02]
19900 [3.46e-02]
19950 [3.46e-02]
20000 [3.46e-02]
20050 [3.45e-02]
20100 [3.46e-02]
20150 [3.46e-02]
20200 [3.46e-02]
20250 [3.46e-02]
20300 [3.46e-02]
20350 [3.46e-02]
20400 [3.45e-02]
20450 [3.46e-02]
20500 [3.46e-02]
20550 [3.46e-02]
20600 [3.45e-02]
20650 [3.46e-02]
20700 [3.46e-02]
20750 [3.45e-02]
20800 [3.46e-02]
20850 [3.46e-02]
20900 [3.45e-02]
20950 [3.46e-02]
21000 [3.45e-02]
21050 [3.46e-02]
21100 [3.45e-02]
21150 [3.45e-02]
21200 [3.46e-02]
21250 [3.45e-02]
21300 [3.46e-02]
21350 [3.45e-02]
21400 [3.46e-02]
21450 [3.45e-02]
21500 [3.46e-02]
21550 [3.45e-02]
21600 [3.46e-02]
21650 [3.45e-02]
21700 [3.46e-02]
21750 [3.45e-02]
21800 [3.46e-02]
21850 [3.45e-02]
21900 [3.45e-02]
21950 [3.46e-02]
22000 [3.45e-02]
22050 [3.46e-02]
22100 [3.45e-02]
22150 [3.45e-02]
22200 [3.46e-02]
22250 [3.45e-02]
22300 [3.45e-02]
22350 [3.46e-02]
22400 [3.45e-02]
22450 [3.46e-02]
22500 [3.46e-02]
22550 [3.46e-02]
22600 [3.45e-02]
22650 [3.45e-02]
22700 [3.46e-02]
22750 [3.45e-02]
22800 [3.45e-02]
22850 [3.45e-02]
22900 [3.45e-02]
22950 [3.45e-02]
23000 [3.45e-02]
23050 [3.45e-02]
23100 [3.45e-02]
23150 [3.45e-02]
23200 [3.45e-02]
23250 [3.45e-02]
23300 [3.45e-02]
23350 [3.45e-02]
23400 [3.45e-02]
23450 [3.46e-02]
23500 [3.46e-02]
23550 [3.46e-02]
23600 [3.45e-02]
23650 [3.45e-02]
23700 [3.45e-02]
23750 [3.45e-02]
23800 [3.45e-02]
23850 [3.45e-02]
23900 [3.45e-02]
23950 [3.45e-02]
24000 [3.45e-02]
24050 [3.45e-02]
24100 [3.45e-02]
24150 [3.45e-02]
24200 [3.45e-02]
24250 [3.45e-02]
24300 [3.46e-02]
24350 [3.46e-02]
24400 [3.46e-02]
24450 [3.46e-02]
24500 [3.46e-02]
24550 [3.46e-02]
24600 [3.46e-02]
24650 [3.46e-02]
24700 [3.46e-02]
24750 [3.46e-02]
24800 [3.45e-02]
24850 [3.45e-02]
24900 [3.46e-02]
24950 [3.45e-02]
25000 [3.45e-02]
25050 [3.45e-02]
25100 [3.46e-02]
25150 [3.46e-02]
25200 [3.45e-02]
25250 [3.46e-02]
25300 [3.46e-02]
25350 [3.46e-02]
25400 [3.45e-02]
25450 [3.45e-02]
25500 [3.45e-02]
25550 [3.45e-02]
25600 [3.45e-02]
25650 [3.45e-02]
25700 [3.45e-02]
25750 [3.45e-02]
25800 [3.45e-02]
25850 [3.45e-02]
25900 [3.46e-02]
25950 [3.46e-02]
26000 [3.46e-02]
26050 [3.46e-02]
26100 [3.46e-02]
26150 [3.46e-02]
26200 [3.46e-02]
26250 [3.45e-02]
26300 [3.46e-02]
26350 [3.45e-02]
26400 [3.46e-02]
26450 [3.45e-02]
26500 [3.45e-02]
26550 [3.45e-02]
26600 [3.46e-02]
26650 [3.46e-02]
26700 [3.46e-02]
26750 [3.46e-02]
26800 [3.46e-02]
26850 [3.45e-02]
26900 [3.45e-02]
26950 [3.45e-02]
27000 [3.45e-02]
27050 [3.46e-02]
27100 [3.46e-02]
27150 [3.45e-02]
27200 [3.45e-02]
27250 [3.45e-02]
27300 [3.45e-02]
27350 [3.46e-02]
27400 [3.45e-02]
27450 [3.45e-02]
27500 [3.45e-02]
27550 [3.46e-02]
27600 [3.46e-02]
27650 [3.45e-02]
27700 [3.45e-02]
27750 [3.46e-02]
27800 [3.45e-02]
27850 [3.45e-02]
27900 [3.45e-02]
27950 [3.45e-02]
28000 [3.46e-02]
28050 [3.45e-02]
28100 [3.45e-02]
28150 [3.46e-02]
28200 [3.46e-02]
28250 [3.46e-02]
28300 [3.45e-02]
28350 [3.45e-02]
28400 [3.46e-02]
28450 [3.45e-02]
28500 [3.45e-02]
28550 [3.46e-02]
28600 [3.45e-02]
28650 [3.46e-02]
28700 [3.45e-02]
28750 [3.45e-02]
28800 [3.45e-02]
28850 [3.46e-02]
28900 [3.45e-02]
28950 [3.46e-02]
29000 [3.45e-02]
29050 [3.46e-02]
29100 [3.45e-02]
29150 [3.45e-02]
29200 [3.46e-02]
29250 [3.45e-02]
29300 [3.45e-02]
29350 [3.46e-02]
29400 [3.46e-02]
29450 [3.46e-02]
29500 [3.45e-02]
29550 [3.45e-02]
29600 [3.45e-02]
29650 [3.45e-02]
29700 [3.45e-02]
29750 [3.45e-02]
29800 [3.45e-02]
29850 [3.45e-02]
29900 [3.46e-02]
29950 [3.45e-02]
30000 [3.46e-02]
30050 [3.45e-02]
30100 [3.45e-02]
30150 [3.45e-02]
30200 [3.46e-02]
30250 [3.46e-02]
30300 [3.45e-02]
30350 [3.45e-02]
30400 [3.46e-02]
30450 [3.45e-02]
30500 [3.45e-02]
30550 [3.45e-02]
30600 [3.45e-02]
30650 [3.46e-02]
30700 [3.45e-02]
30750 [3.46e-02]
30800 [3.45e-02]
30850 [3.46e-02]
30900 [3.45e-02]
30950 [3.46e-02]
31000 [3.46e-02]
31050 [3.45e-02]
31100 [3.46e-02]
31150 [3.45e-02]
31200 [3.46e-02]
31250 [3.45e-02]
31300 [3.45e-02]
31350 [3.45e-02]
31400 [3.45e-02]
31450 [3.46e-02]
31500 [3.45e-02]
31550 [3.46e-02]
31600 [3.45e-02]
31650 [3.45e-02]
31700 [3.45e-02]
31750 [3.45e-02]
31800 [3.46e-02]
31850 [3.45e-02]
31900 [3.45e-02]
31950 [3.46e-02]
32000 [3.46e-02]
32050 [3.46e-02]
32100 [3.45e-02]
32150 [3.45e-02]
32200 [3.45e-02]
32250 [3.45e-02]
32300 [3.46e-02]
32350 [3.45e-02]
32400 [3.46e-02]
32450 [3.46e-02]
32500 [3.45e-02]
32550 [3.45e-02]
32600 [3.46e-02]
32650 [3.45e-02]
32700 [3.45e-02]
32750 [3.45e-02]
32800 [3.45e-02]
32850 [3.46e-02]
32900 [3.45e-02]
32950 [3.46e-02]
33000 [3.45e-02]
33050 [3.45e-02]
33100 [3.46e-02]
33150 [3.45e-02]
33200 [3.45e-02]
33250 [3.46e-02]
33300 [3.46e-02]
33350 [3.46e-02]
33400 [3.45e-02]
33450 [3.45e-02]
33500 [3.45e-02]
33550 [3.46e-02]
33600 [3.46e-02]
33650 [3.45e-02]
33700 [3.45e-02]
33750 [3.46e-02]
33800 [3.45e-02]
33850 [3.45e-02]
33900 [3.46e-02]
33950 [3.46e-02]
34000 [3.46e-02]
34050 [3.45e-02]
34100 [3.45e-02]
34150 [3.45e-02]
34200 [3.46e-02]
34250 [3.46e-02]
34300 [3.46e-02]
34350 [3.45e-02]
34400 [3.45e-02]
34450 [3.45e-02]
34500 [3.45e-02]
34550 [3.45e-02]
34600 [3.46e-02]
34650 [3.45e-02]
34700 [3.45e-02]
34750 [3.45e-02]
34800 [3.46e-02]
34850 [3.45e-02]
34900 [3.46e-02]
34950 [3.45e-02]
35000 [3.45e-02]
35050 [3.46e-02]
35100 [3.45e-02]
35150 [3.45e-02]
35200 [3.46e-02]
35250 [3.45e-02]
35300 [3.45e-02]
35350 [3.46e-02]
35400 [3.45e-02]
35450 [3.45e-02]
35500 [3.45e-02]
35550 [3.45e-02]
35600 [3.46e-02]
35650 [3.45e-02]
35700 [3.45e-02]
35750 [3.46e-02]
35800 [3.45e-02]
35850 [3.45e-02]
35900 [3.46e-02]
35950 [3.45e-02]
36000 [3.45e-02]
36050 [3.46e-02]
36100 [3.45e-02]
36150 [3.45e-02]
36200 [3.45e-02]
36250 [3.45e-02]
36300 [3.46e-02]
36350 [3.45e-02]
36400 [3.45e-02]
36450 [3.46e-02]
36500 [3.45e-02]
36550 [3.45e-02]
36600 [3.46e-02]
36650 [3.45e-02]
36700 [3.45e-02]
36750 [3.46e-02]
36800 [3.45e-02]
36850 [3.45e-02]
36900 [3.46e-02]
36950 [3.45e-02]
37000 [3.45e-02]
37050 [3.45e-02]
37100 [3.45e-02]
37150 [3.45e-02]
37200 [3.45e-02]
37250 [3.45e-02]
37300 [3.46e-02]
37350 [3.45e-02]
37400 [3.45e-02]
37450 [3.45e-02]
37500 [3.45e-02]
37550 [3.45e-02]
37600 [3.45e-02]
37650 [3.45e-02]
37700 [3.46e-02]
37750 [3.45e-02]
37800 [3.45e-02]
37850 [3.46e-02]
37900 [3.45e-02]
37950 [3.45e-02]
38000 [3.45e-02]
38050 [3.45e-02]
38100 [3.46e-02]
38150 [3.45e-02]
38200 [3.45e-02]
38250 [3.45e-02]
38300 [3.45e-02]
38350 [3.45e-02]
38400 [3.45e-02]
38450 [3.45e-02]
38500 [3.45e-02]
38550 [3.45e-02]
38600 [3.45e-02]
38650 [3.46e-02]
38700 [3.45e-02]
38750 [3.45e-02]
38800 [3.45e-02]
38850 [3.45e-02]
38900 [3.46e-02]
38950 [3.45e-02]
39000 [3.45e-02]
39050 [3.45e-02]
39100 [3.45e-02]
39150 [3.45e-02]
39200 [3.45e-02]
39250 [3.45e-02]
39300 [3.45e-02]
39350 [3.45e-02]
39400 [3.45e-02]
39450 [3.45e-02]
39500 [3.45e-02]
39550 [3.45e-02]
39600 [3.45e-02]
39650 [3.45e-02]
39700 [3.45e-02]
39750 [3.45e-02]
39800 [3.45e-02]
39850 [3.45e-02]
39900 [3.45e-02]
39950 [3.46e-02]
40000 [3.45e-02]
40050 [3.45e-02]
40100 [3.45e-02]
40150 [3.45e-02]
40200 [3.46e-02]
40250 [3.45e-02]
40300 [3.45e-02]
40350 [3.45e-02]
40400 [3.45e-02]
40450 [3.46e-02]
40500 [3.45e-02]
40550 [3.45e-02]
40600 [3.45e-02]
40650 [3.45e-02]
40700 [3.46e-02]
40750 [3.45e-02]
40800 [3.45e-02]
40850 [3.45e-02]
40900 [3.45e-02]
40950 [3.45e-02]
41000 [3.45e-02]
41050 [3.45e-02]
41100 [3.45e-02]
41150 [3.45e-02]
41200 [3.45e-02]
41250 [3.45e-02]
41300 [3.45e-02]
41350 [3.45e-02]
41400 [3.45e-02]
41450 [3.45e-02]
41500 [3.45e-02]
41550 [3.45e-02]
41600 [3.45e-02]
41650 [3.45e-02]
41700 [3.45e-02]
41750 [3.45e-02]
41800 [3.45e-02]
41850 [3.45e-02]
41900 [3.45e-02]
41950 [3.45e-02]
42000 [3.45e-02]
42050 [3.45e-02]
42100 [3.45e-02]
42150 [3.45e-02]
42200 [3.45e-02]
42250 [3.45e-02]
42300 [3.45e-02]
42350 [3.45e-02]
42400 [3.45e-02]
42450 [3.45e-02]
42500 [3.45e-02]
42550 [3.45e-02]
42600 [3.45e-02]
42650 [3.45e-02]
42700 [3.45e-02]
42750 [3.45e-02]
42800 [3.45e-02]
42850 [3.45e-02]
42900 [3.45e-02]
42950 [3.45e-02]
43000 [3.45e-02]
43050 [3.45e-02]
43100 [3.45e-02]
43150 [3.45e-02]
43200 [3.45e-02]
43250 [3.45e-02]
43300 [3.45e-02]
43350 [3.45e-02]
43400 [3.45e-02]
43450 [3.45e-02]
43500 [3.45e-02]
43550 [3.45e-02]
43600 [3.45e-02]
43650 [3.45e-02]
43700 [3.45e-02]
43750 [3.45e-02]
43800 [3.45e-02]
43850 [3.45e-02]
43900 [3.45e-02]
43950 [3.45e-02]
44000 [3.46e-02]
44050 [3.45e-02]
44100 [3.45e-02]
44150 [3.45e-02]
44200 [3.45e-02]
44250 [3.45e-02]
44300 [3.45e-02]
44350 [3.45e-02]
44400 [3.45e-02]
44450 [3.45e-02]
44500 [3.45e-02]
44550 [3.44e-02]
44600 [3.45e-02]
44650 [3.45e-02]
44700 [3.45e-02]
44750 [3.45e-02]
44800 [3.45e-02]
44850 [3.45e-02]
44900 [3.45e-02]
44950 [3.45e-02]
45000 [3.44e-02]
45050 [3.45e-02]
45100 [3.45e-02]
45150 [3.45e-02]
45200 [3.45e-02]
45250 [3.45e-02]
45300 [3.45e-02]
45350 [3.45e-02]
45400 [3.45e-02]
45450 [3.45e-02]
45500 [3.45e-02]
45550 [3.45e-02]
45600 [3.45e-02]
45650 [3.45e-02]
45700 [3.45e-02]
45750 [3.45e-02]
45800 [3.45e-02]
45850 [3.45e-02]
45900 [3.45e-02]
45950 [3.45e-02]
46000 [3.45e-02]
46050 [3.45e-02]
46100 [3.45e-02]
46150 [3.45e-02]
46200 [3.45e-02]
46250 [3.45e-02]
46300 [3.45e-02]
46350 [3.45e-02]
46400 [3.45e-02]
46450 [3.45e-02]
46500 [3.45e-02]
46550 [3.45e-02]
46600 [3.45e-02]
46650 [3.45e-02]
46700 [3.45e-02]
46750 [3.45e-02]
46800 [3.45e-02]
46850 [3.45e-02]
46900 [3.45e-02]
46950 [3.45e-02]
47000 [3.45e-02]
47050 [3.45e-02]
47100 [3.45e-02]
47150 [3.45e-02]
47200 [3.45e-02]
47250 [3.45e-02]
47300 [3.45e-02]
47350 [3.45e-02]
47400 [3.45e-02]
47450 [3.45e-02]
47500 [3.45e-02]
47550 [3.45e-02]
47600 [3.45e-02]
47650 [3.45e-02]
47700 [3.45e-02]
47750 [3.45e-02]
47800 [3.45e-02]
47850 [3.45e-02]
47900 [3.45e-02]
47950 [3.45e-02]
48000 [3.45e-02]
48050 [3.45e-02]
48100 [3.45e-02]
48150 [3.45e-02]
48200 [3.45e-02]
48250 [3.45e-02]
48300 [3.45e-02]
48350 [3.45e-02]
48400 [3.45e-02]
48450 [3.45e-02]
48500 [3.45e-02]
48550 [3.45e-02]
48600 [3.45e-02]
48650 [3.45e-02]
48700 [3.45e-02]
48750 [3.45e-02]
48800 [3.45e-02]
48850 [3.45e-02]
48900 [3.45e-02]
48950 [3.45e-02]
49000 [3.45e-02]
49050 [3.45e-02]
49100 [3.45e-02]
49150 [3.45e-02]
49200 [3.45e-02]
49250 [3.45e-02]
49300 [3.45e-02]
49350 [3.45e-02]
49400 [3.45e-02]
49450 [3.45e-02]
49500 [3.45e-02]
49550 [3.45e-02]
49600 [3.45e-02]
49650 [3.45e-02]
49700 [3.45e-02]
49750 [3.45e-02]
49800 [3.45e-02]
49850 [3.45e-02]
49900 [3.45e-02]
49950 [3.45e-02]
50000 [3.45e-02]
