# x
1.000000000000000056e-01
2.999999999999999889e-01
5.000000000000000000e-01
6.999999999999999556e-01
9.000000000000000222e-01
1.100000000000000089e+00
1.300000000000000044e+00
1.500000000000000000e+00
1.699999999999999956e+00
1.899999999999999911e+00
2.100000000000000089e+00
2.299999999999999822e+00
2.500000000000000000e+00
2.700000000000000178e+00
2.899999999999999911e+00
3.100000000000000089e+00
3.299999999999999822e+00
3.500000000000000000e+00
3.700000000000000178e+00
3.899999999999999911e+00
4.099999999999999645e+00
4.299999999999999822e+00
4.500000000000000000e+00
4.700000000000000178e+00
4.900000000000000355e+00
5.099999999999999645e+00
5.299999999999999822e+00
5.500000000000000000e+00
5.700000000000000178e+00
5.900000000000000355e+00
6.099999999999999645e+00
6.299999999999999822e+00
6.500000000000000000e+00
6.700000000000000178e+00
6.900000000000000355e+00
7.099999999999999645e+00
7.299999999999999822e+00
7.500000000000000000e+00
7.700000000000000178e+00
7.900000000000000355e+00
8.099999999999999645e+00
8.300000000000000711e+00
8.500000000000000000e+00
8.699999999999999289e+00
8.900000000000000355e+00
9.099999999999999645e+00
9.300000000000000711e+00
9.500000000000000000e+00
9.699999999999999289e+00
9.900000000000000355e+00
1.009999999999999964e+01
1.030000000000000071e+01
1.050000000000000000e+01
1.069999999999999929e+01
1.090000000000000036e+01
1.109999999999999964e+01
1.130000000000000071e+01
1.150000000000000000e+01
1.169999999999999929e+01
1.190000000000000036e+01
1.209999999999999964e+01
1.230000000000000071e+01
1.250000000000000000e+01
1.269999999999999929e+01
1.290000000000000036e+01
1.309999999999999964e+01
1.330000000000000071e+01
1.350000000000000000e+01
1.369999999999999929e+01
1.390000000000000036e+01
1.409999999999999964e+01
1.430000000000000071e+01
1.450000000000000000e+01
1.469999999999999929e+01
1.490000000000000036e+01
1.509999999999999964e+01
1.530000000000000071e+01
1.550000000000000000e+01
1.569999999999999929e+01
1.590000000000000036e+01
1.610000000000000142e+01
1.630000000000000071e+01
1.650000000000000000e+01
1.669999999999999929e+01
1.689999999999999858e+01
1.710000000000000142e+01
1.730000000000000071e+01
1.750000000000000000e+01
1.769999999999999929e+01
1.789999999999999858e+01
1.810000000000000142e+01
1.830000000000000071e+01
1.850000000000000000e+01
1.869999999999999929e+01
1.889999999999999858e+01
1.910000000000000142e+01
1.930000000000000071e+01
1.950000000000000000e+01
1.969999999999999929e+01
1.989999999999999858e+01
2.010000000000000142e+01
2.030000000000000071e+01
2.050000000000000000e+01
2.069999999999999929e+01
2.089999999999999858e+01
2.110000000000000142e+01
2.130000000000000071e+01
2.150000000000000000e+01
2.169999999999999929e+01
2.189999999999999858e+01
2.210000000000000142e+01
2.230000000000000071e+01
2.250000000000000000e+01
2.269999999999999929e+01
2.289999999999999858e+01
2.310000000000000142e+01
2.330000000000000071e+01
2.350000000000000000e+01
2.369999999999999929e+01
2.389999999999999858e+01
2.410000000000000142e+01
2.430000000000000071e+01
2.450000000000000000e+01
2.469999999999999929e+01
2.489999999999999858e+01
2.510000000000000142e+01
2.530000000000000071e+01
2.550000000000000000e+01
2.569999999999999929e+01
2.589999999999999858e+01
2.610000000000000142e+01
2.630000000000000071e+01
2.650000000000000000e+01
2.669999999999999929e+01
2.689999999999999858e+01
2.710000000000000142e+01
2.730000000000000071e+01
2.750000000000000000e+01
2.769999999999999929e+01
2.789999999999999858e+01
2.810000000000000142e+01
2.830000000000000071e+01
2.850000000000000000e+01
2.869999999999999929e+01
2.889999999999999858e+01
2.910000000000000142e+01
2.930000000000000071e+01
2.950000000000000000e+01
2.969999999999999929e+01
2.989999999999999858e+01
3.010000000000000142e+01
3.030000000000000071e+01
3.050000000000000000e+01
3.069999999999999929e+01
3.089999999999999858e+01
3.110000000000000142e+01
3.130000000000000071e+01
3.150000000000000000e+01
3.169999999999999929e+01
3.189999999999999858e+01
3.210000000000000142e+01
3.229999999999999716e+01
3.250000000000000000e+01
3.270000000000000284e+01
3.289999999999999858e+01
3.310000000000000142e+01
3.329999999999999716e+01
3.350000000000000000e+01
3.370000000000000284e+01
3.389999999999999858e+01
3.410000000000000142e+01
3.429999999999999716e+01
3.450000000000000000e+01
3.470000000000000284e+01
3.489999999999999858e+01
3.510000000000000142e+01
3.529999999999999716e+01
3.550000000000000000e+01
3.570000000000000284e+01
3.589999999999999858e+01
3.610000000000000142e+01
3.629999999999999716e+01
3.650000000000000000e+01
3.670000000000000284e+01
3.689999999999999858e+01
3.710000000000000142e+01
3.729999999999999716e+01
3.750000000000000000e+01
3.770000000000000284e+01
3.789999999999999858e+01
3.810000000000000142e+01
3.829999999999999716e+01
3.850000000000000000e+01
3.870000000000000284e+01
3.889999999999999858e+01
3.910000000000000142e+01
3.929999999999999716e+01
3.950000000000000000e+01
3.970000000000000284e+01
3.989999999999999858e+01
4.010000000000000142e+01
4.029999999999999716e+01
4.050000000000000000e+01
4.070000000000000284e+01
4.089999999999999858e+01
4.110000000000000142e+01
4.129999999999999716e+01
4.150000000000000000e+01
4.170000000000000284e+01
4.189999999999999858e+01
4.210000000000000142e+01
4.229999999999999716e+01
4.250000000000000000e+01
4.270000000000000284e+01
4.289999999999999858e+01
4.310000000000000142e+01
4.329999999999999716e+01
4.350000000000000000e+01
4.370000000000000284e+01
4.389999999999999858e+01
4.410000000000000142e+01
4.429999999999999716e+01
4.450000000000000000e+01
4.470000000000000284e+01
4.489999999999999858e+01
4.510000000000000142e+01
4.529999999999999716e+01
4.550000000000000000e+01
4.570000000000000284e+01
4.589999999999999858e+01
4.610000000000000142e+01
4.629999999999999716e+01
4.650000000000000000e+01
4.670000000000000284e+01
4.689999999999999858e+01
4.710000000000000142e+01
4.729999999999999716e+01
4.750000000000000000e+01
4.770000000000000284e+01
4.789999999999999858e+01
4.810000000000000142e+01
4.829999999999999716e+01
4.850000000000000000e+01
4.870000000000000284e+01
4.889999999999999858e+01
4.910000000000000142e+01
4.929999999999999716e+01
4.950000000000000000e+01
4.970000000000000284e+01
4.989999999999999858e+01
5.010000000000000142e+01
5.029999999999999716e+01
5.050000000000000000e+01
5.070000000000000284e+01
5.089999999999999858e+01
5.110000000000000142e+01
5.129999999999999716e+01
5.150000000000000000e+01
5.170000000000000284e+01
5.189999999999999858e+01
5.210000000000000142e+01
5.229999999999999716e+01
5.250000000000000000e+01
5.270000000000000284e+01
5.289999999999999858e+01
5.310000000000000142e+01
5.329999999999999716e+01
5.350000000000000000e+01
5.370000000000000284e+01
5.389999999999999858e+01
5.410000000000000142e+01
5.429999999999999716e+01
5.450000000000000000e+01
5.470000000000000284e+01
5.489999999999999858e+01
5.510000000000000142e+01
5.529999999999999716e+01
5.550000000000000000e+01
5.570000000000000284e+01
5.589999999999999858e+01
5.610000000000000142e+01
5.629999999999999716e+01
5.650000000000000000e+01
5.670000000000000284e+01
5.689999999999999858e+01
5.710000000000000142e+01
5.729999999999999716e+01
5.750000000000000000e+01
5.770000000000000284e+01
5.789999999999999858e+01
5.810000000000000142e+01
5.829999999999999716e+01
5.850000000000000000e+01
5.870000000000000284e+01
5.889999999999999858e+01
5.910000000000000142e+01
5.929999999999999716e+01
5.950000000000000000e+01
5.970000000000000284e+01
5.989999999999999858e+01
6.010000000000000142e+01
6.029999999999999716e+01
6.050000000000000000e+01
6.070000000000000284e+01
6.089999999999999858e+01
6.110000000000000142e+01
6.129999999999999716e+01
6.150000000000000000e+01
6.170000000000000284e+01
6.189999999999999858e+01
6.210000000000000142e+01
6.229999999999999716e+01
6.250000000000000000e+01
6.270000000000000284e+01
6.289999999999999858e+01
6.310000000000000142e+01
6.329999999999999716e+01
6.350000000000000000e+01
6.370000000000000284e+01
6.389999999999999858e+01
6.409999999999999432e+01
6.429999999999999716e+01
6.450000000000000000e+01
6.470000000000000284e+01
6.490000000000000568e+01
6.509999999999999432e+01
6.529999999999999716e+01
6.550000000000000000e+01
6.570000000000000284e+01
6.590000000000000568e+01
6.609999999999999432e+01
6.629999999999999716e+01
6.650000000000000000e+01
6.670000000000000284e+01
6.690000000000000568e+01
6.709999999999999432e+01
6.729999999999999716e+01
6.750000000000000000e+01
6.770000000000000284e+01
6.790000000000000568e+01
6.809999999999999432e+01
6.829999999999999716e+01
6.850000000000000000e+01
6.870000000000000284e+01
6.890000000000000568e+01
6.909999999999999432e+01
6.929999999999999716e+01
6.950000000000000000e+01
6.970000000000000284e+01
6.990000000000000568e+01
7.009999999999999432e+01
7.029999999999999716e+01
7.050000000000000000e+01
7.070000000000000284e+01
7.090000000000000568e+01
7.109999999999999432e+01
7.129999999999999716e+01
7.150000000000000000e+01
7.170000000000000284e+01
7.190000000000000568e+01
7.209999999999999432e+01
7.229999999999999716e+01
7.250000000000000000e+01
7.270000000000000284e+01
7.290000000000000568e+01
7.309999999999999432e+01
7.329999999999999716e+01
7.350000000000000000e+01
7.370000000000000284e+01
7.390000000000000568e+01
7.409999999999999432e+01
7.429999999999999716e+01
7.450000000000000000e+01
7.470000000000000284e+01
7.490000000000000568e+01
7.509999999999999432e+01
7.529999999999999716e+01
7.550000000000000000e+01
7.570000000000000284e+01
7.590000000000000568e+01
7.609999999999999432e+01
7.629999999999999716e+01
7.650000000000000000e+01
7.670000000000000284e+01
7.690000000000000568e+01
7.709999999999999432e+01
7.729999999999999716e+01
7.750000000000000000e+01
7.770000000000000284e+01
7.790000000000000568e+01
7.809999999999999432e+01
7.829999999999999716e+01
7.850000000000000000e+01
7.870000000000000284e+01
7.890000000000000568e+01
7.909999999999999432e+01
7.929999999999999716e+01
7.950000000000000000e+01
7.970000000000000284e+01
7.990000000000000568e+01
8.009999999999999432e+01
8.029999999999999716e+01
8.050000000000000000e+01
8.070000000000000284e+01
8.090000000000000568e+01
8.109999999999999432e+01
8.129999999999999716e+01
8.150000000000000000e+01
8.170000000000000284e+01
8.190000000000000568e+01
8.209999999999999432e+01
8.229999999999999716e+01
8.250000000000000000e+01
8.270000000000000284e+01
8.290000000000000568e+01
8.309999999999999432e+01
8.329999999999999716e+01
8.350000000000000000e+01
8.370000000000000284e+01
8.390000000000000568e+01
8.409999999999999432e+01
8.429999999999999716e+01
8.450000000000000000e+01
8.470000000000000284e+01
8.490000000000000568e+01
8.509999999999999432e+01
8.529999999999999716e+01
8.550000000000000000e+01
8.570000000000000284e+01
8.590000000000000568e+01
8.609999999999999432e+01
8.629999999999999716e+01
8.650000000000000000e+01
8.670000000000000284e+01
8.690000000000000568e+01
8.709999999999999432e+01
8.729999999999999716e+01
8.750000000000000000e+01
8.770000000000000284e+01
8.790000000000000568e+01
8.809999999999999432e+01
8.829999999999999716e+01
8.850000000000000000e+01
8.870000000000000284e+01
8.890000000000000568e+01
8.909999999999999432e+01
8.929999999999999716e+01
8.950000000000000000e+01
8.970000000000000284e+01
8.990000000000000568e+01
9.009999999999999432e+01
9.029999999999999716e+01
9.050000000000000000e+01
9.070000000000000284e+01
9.090000000000000568e+01
9.109999999999999432e+01
9.129999999999999716e+01
9.150000000000000000e+01
9.170000000000000284e+01
9.190000000000000568e+01
9.209999999999999432e+01
9.229999999999999716e+01
9.250000000000000000e+01
9.270000000000000284e+01
9.290000000000000568e+01
9.309999999999999432e+01
9.329999999999999716e+01
9.350000000000000000e+01
9.370000000000000284e+01
9.390000000000000568e+01
9.409999999999999432e+01
9.429999999999999716e+01
9.450000000000000000e+01
9.470000000000000284e+01
9.490000000000000568e+01
9.509999999999999432e+01
9.529999999999999716e+01
9.550000000000000000e+01
9.570000000000000284e+01
9.590000000000000568e+01
9.609999999999999432e+01
9.629999999999999716e+01
9.650000000000000000e+01
9.670000000000000284e+01
9.690000000000000568e+01
9.709999999999999432e+01
9.729999999999999716e+01
9.750000000000000000e+01
9.770000000000000284e+01
9.790000000000000568e+01
9.809999999999999432e+01
9.829999999999999716e+01
9.850000000000000000e+01
9.870000000000000284e+01
9.890000000000000568e+01
9.909999999999999432e+01
9.929999999999999716e+01
9.950000000000000000e+01
9.970000000000000284e+01
9.990000000000000568e+01
1.000000000000000056e-01
2.999999999999999889e-01
5.000000000000000000e-01
6.999999999999999556e-01
9.000000000000000222e-01
1.100000000000000089e+00
1.300000000000000044e+00
1.500000000000000000e+00
1.699999999999999956e+00
1.899999999999999911e+00
2.100000000000000089e+00
2.299999999999999822e+00
2.500000000000000000e+00
2.700000000000000178e+00
2.899999999999999911e+00
3.100000000000000089e+00
3.299999999999999822e+00
3.500000000000000000e+00
3.700000000000000178e+00
3.899999999999999911e+00
4.099999999999999645e+00
4.299999999999999822e+00
4.500000000000000000e+00
4.700000000000000178e+00
4.900000000000000355e+00
5.099999999999999645e+00
5.299999999999999822e+00
5.500000000000000000e+00
5.700000000000000178e+00
5.900000000000000355e+00
6.099999999999999645e+00
6.299999999999999822e+00
6.500000000000000000e+00
6.700000000000000178e+00
6.900000000000000355e+00
7.099999999999999645e+00
7.299999999999999822e+00
7.500000000000000000e+00
7.700000000000000178e+00
7.900000000000000355e+00
8.099999999999999645e+00
8.300000000000000711e+00
8.500000000000000000e+00
8.699999999999999289e+00
8.900000000000000355e+00
9.099999999999999645e+00
9.300000000000000711e+00
9.500000000000000000e+00
9.699999999999999289e+00
9.900000000000000355e+00
1.009999999999999964e+01
1.030000000000000071e+01
1.050000000000000000e+01
1.069999999999999929e+01
1.090000000000000036e+01
1.109999999999999964e+01
1.130000000000000071e+01
1.150000000000000000e+01
1.169999999999999929e+01
1.190000000000000036e+01
1.209999999999999964e+01
1.230000000000000071e+01
1.250000000000000000e+01
1.269999999999999929e+01
1.290000000000000036e+01
1.309999999999999964e+01
1.330000000000000071e+01
1.350000000000000000e+01
1.369999999999999929e+01
1.390000000000000036e+01
1.409999999999999964e+01
1.430000000000000071e+01
1.450000000000000000e+01
1.469999999999999929e+01
1.490000000000000036e+01
1.509999999999999964e+01
1.530000000000000071e+01
1.550000000000000000e+01
1.569999999999999929e+01
1.590000000000000036e+01
1.610000000000000142e+01
1.630000000000000071e+01
1.650000000000000000e+01
1.669999999999999929e+01
1.689999999999999858e+01
1.710000000000000142e+01
1.730000000000000071e+01
1.750000000000000000e+01
1.769999999999999929e+01
1.789999999999999858e+01
1.810000000000000142e+01
1.830000000000000071e+01
1.850000000000000000e+01
1.869999999999999929e+01
1.889999999999999858e+01
1.910000000000000142e+01
1.930000000000000071e+01
1.950000000000000000e+01
1.969999999999999929e+01
1.989999999999999858e+01
2.010000000000000142e+01
2.030000000000000071e+01
2.050000000000000000e+01
2.069999999999999929e+01
2.089999999999999858e+01
2.110000000000000142e+01
2.130000000000000071e+01
2.150000000000000000e+01
2.169999999999999929e+01
2.189999999999999858e+01
2.210000000000000142e+01
2.230000000000000071e+01
2.250000000000000000e+01
2.269999999999999929e+01
2.289999999999999858e+01
2.310000000000000142e+01
2.330000000000000071e+01
2.350000000000000000e+01
2.369999999999999929e+01
2.389999999999999858e+01
2.410000000000000142e+01
2.430000000000000071e+01
2.450000000000000000e+01
2.469999999999999929e+01
2.489999999999999858e+01
2.510000000000000142e+01
2.530000000000000071e+01
2.550000000000000000e+01
2.569999999999999929e+01
2.589999999999999858e+01
2.610000000000000142e+01
2.630000000000000071e+01
2.650000000000000000e+01
2.669999999999999929e+01
2.689999999999999858e+01
2.710000000000000142e+01
2.730000000000000071e+01
2.750000000000000000e+01
2.769999999999999929e+01
2.789999999999999858e+01
2.810000000000000142e+01
2.830000000000000071e+01
2.850000000000000000e+01
2.869999999999999929e+01
2.889999999999999858e+01
2.910000000000000142e+01
2.930000000000000071e+01
2.950000000000000000e+01
2.969999999999999929e+01
2.989999999999999858e+01
3.010000000000000142e+01
3.030000000000000071e+01
3.050000000000000000e+01
3.069999999999999929e+01
3.089999999999999858e+01
3.110000000000000142e+01
3.130000000000000071e+01
3.150000000000000000e+01
3.169999999999999929e+01
3.189999999999999858e+01
3.210000000000000142e+01
3.229999999999999716e+01
3.250000000000000000e+01
3.270000000000000284e+01
3.289999999999999858e+01
3.310000000000000142e+01
3.329999999999999716e+01
3.350000000000000000e+01
3.370000000000000284e+01
3.389999999999999858e+01
3.410000000000000142e+01
3.429999999999999716e+01
3.450000000000000000e+01
3.470000000000000284e+01
3.489999999999999858e+01
3.510000000000000142e+01
3.529999999999999716e+01
3.550000000000000000e+01
3.570000000000000284e+01
3.589999999999999858e+01
3.610000000000000142e+01
3.629999999999999716e+01
3.650000000000000000e+01
3.670000000000000284e+01
3.689999999999999858e+01
3.710000000000000142e+01
3.729999999999999716e+01
3.750000000000000000e+01
3.770000000000000284e+01
3.789999999999999858e+01
3.810000000000000142e+01
3.829999999999999716e+01
3.850000000000000000e+01
3.870000000000000284e+01
3.889999999999999858e+01
3.910000000000000142e+01
3.929999999999999716e+01
3.950000000000000000e+01
3.970000000000000284e+01
3.989999999999999858e+01
4.010000000000000142e+01
4.029999999999999716e+01
4.050000000000000000e+01
4.070000000000000284e+01
4.089999999999999858e+01
4.110000000000000142e+01
4.129999999999999716e+01
4.150000000000000000e+01
4.170000000000000284e+01
4.189999999999999858e+01
4.210000000000000142e+01
4.229999999999999716e+01
4.250000000000000000e+01
4.270000000000000284e+01
4.289999999999999858e+01
4.310000000000000142e+01
4.329999999999999716e+01
4.350000000000000000e+01
4.370000000000000284e+01
4.389999999999999858e+01
4.410000000000000142e+01
4.429999999999999716e+01
4.450000000000000000e+01
4.470000000000000284e+01
4.489999999999999858e+01
4.510000000000000142e+01
4.529999999999999716e+01
4.550000000000000000e+01
4.570000000000000284e+01
4.589999999999999858e+01
4.610000000000000142e+01
4.629999999999999716e+01
4.650000000000000000e+01
4.670000000000000284e+01
4.689999999999999858e+01
4.710000000000000142e+01
4.729999999999999716e+01
4.750000000000000000e+01
4.770000000000000284e+01
4.789999999999999858e+01
4.810000000000000142e+01
4.829999999999999716e+01
4.850000000000000000e+01
4.870000000000000284e+01
4.889999999999999858e+01
4.910000000000000142e+01
4.929999999999999716e+01
4.950000000000000000e+01
4.970000000000000284e+01
4.989999999999999858e+01
5.010000000000000142e+01
5.029999999999999716e+01
5.050000000000000000e+01
5.070000000000000284e+01
5.089999999999999858e+01
5.110000000000000142e+01
5.129999999999999716e+01
5.150000000000000000e+01
5.170000000000000284e+01
5.189999999999999858e+01
5.210000000000000142e+01
5.229999999999999716e+01
5.250000000000000000e+01
5.270000000000000284e+01
5.289999999999999858e+01
5.310000000000000142e+01
5.329999999999999716e+01
5.350000000000000000e+01
5.370000000000000284e+01
5.389999999999999858e+01
5.410000000000000142e+01
5.429999999999999716e+01
5.450000000000000000e+01
5.470000000000000284e+01
5.489999999999999858e+01
5.510000000000000142e+01
5.529999999999999716e+01
5.550000000000000000e+01
5.570000000000000284e+01
5.589999999999999858e+01
5.610000000000000142e+01
5.629999999999999716e+01
5.650000000000000000e+01
5.670000000000000284e+01
5.689999999999999858e+01
5.710000000000000142e+01
5.729999999999999716e+01
5.750000000000000000e+01
5.770000000000000284e+01
5.789999999999999858e+01
5.810000000000000142e+01
5.829999999999999716e+01
5.850000000000000000e+01
5.870000000000000284e+01
5.889999999999999858e+01
5.910000000000000142e+01
5.929999999999999716e+01
5.950000000000000000e+01
5.970000000000000284e+01
5.989999999999999858e+01
6.010000000000000142e+01
6.029999999999999716e+01
6.050000000000000000e+01
6.070000000000000284e+01
6.089999999999999858e+01
6.110000000000000142e+01
6.129999999999999716e+01
6.150000000000000000e+01
6.170000000000000284e+01
6.189999999999999858e+01
6.210000000000000142e+01
6.229999999999999716e+01
6.250000000000000000e+01
6.270000000000000284e+01
6.289999999999999858e+01
6.310000000000000142e+01
6.329999999999999716e+01
6.350000000000000000e+01
6.370000000000000284e+01
6.389999999999999858e+01
6.409999999999999432e+01
6.429999999999999716e+01
6.450000000000000000e+01
6.470000000000000284e+01
6.490000000000000568e+01
6.509999999999999432e+01
6.529999999999999716e+01
6.550000000000000000e+01
6.570000000000000284e+01
6.590000000000000568e+01
6.609999999999999432e+01
6.629999999999999716e+01
6.650000000000000000e+01
6.670000000000000284e+01
6.690000000000000568e+01
6.709999999999999432e+01
6.729999999999999716e+01
6.750000000000000000e+01
6.770000000000000284e+01
6.790000000000000568e+01
6.809999999999999432e+01
6.829999999999999716e+01
6.850000000000000000e+01
6.870000000000000284e+01
6.890000000000000568e+01
6.909999999999999432e+01
6.929999999999999716e+01
6.950000000000000000e+01
6.970000000000000284e+01
6.990000000000000568e+01
7.009999999999999432e+01
7.029999999999999716e+01
7.050000000000000000e+01
7.070000000000000284e+01
7.090000000000000568e+01
7.109999999999999432e+01
7.129999999999999716e+01
7.150000000000000000e+01
7.170000000000000284e+01
7.190000000000000568e+01
7.209999999999999432e+01
7.229999999999999716e+01
7.250000000000000000e+01
7.270000000000000284e+01
7.290000000000000568e+01
7.309999999999999432e+01
7.329999999999999716e+01
7.350000000000000000e+01
7.370000000000000284e+01
7.390000000000000568e+01
7.409999999999999432e+01
7.429999999999999716e+01
7.450000000000000000e+01
7.470000000000000284e+01
7.490000000000000568e+01
7.509999999999999432e+01
7.529999999999999716e+01
7.550000000000000000e+01
7.570000000000000284e+01
7.590000000000000568e+01
7.609999999999999432e+01
7.629999999999999716e+01
7.650000000000000000e+01
7.670000000000000284e+01
7.690000000000000568e+01
7.709999999999999432e+01
7.729999999999999716e+01
7.750000000000000000e+01
7.770000000000000284e+01
7.790000000000000568e+01
7.809999999999999432e+01
7.829999999999999716e+01
7.850000000000000000e+01
7.870000000000000284e+01
7.890000000000000568e+01
7.909999999999999432e+01
7.929999999999999716e+01
7.950000000000000000e+01
7.970000000000000284e+01
7.990000000000000568e+01
8.009999999999999432e+01
8.029999999999999716e+01
8.050000000000000000e+01
8.070000000000000284e+01
8.090000000000000568e+01
8.109999999999999432e+01
8.129999999999999716e+01
8.150000000000000000e+01
8.170000000000000284e+01
8.190000000000000568e+01
8.209999999999999432e+01
8.229999999999999716e+01
8.250000000000000000e+01
8.270000000000000284e+01
8.290000000000000568e+01
8.309999999999999432e+01
8.329999999999999716e+01
8.350000000000000000e+01
8.370000000000000284e+01
8.390000000000000568e+01
8.409999999999999432e+01
8.429999999999999716e+01
8.450000000000000000e+01
8.470000000000000284e+01
8.490000000000000568e+01
8.509999999999999432e+01
8.529999999999999716e+01
8.550000000000000000e+01
8.570000000000000284e+01
8.590000000000000568e+01
8.609999999999999432e+01
8.629999999999999716e+01
8.650000000000000000e+01
8.670000000000000284e+01
8.690000000000000568e+01
8.709999999999999432e+01
8.729999999999999716e+01
8.750000000000000000e+01
8.770000000000000284e+01
8.790000000000000568e+01
8.809999999999999432e+01
8.829999999999999716e+01
8.850000000000000000e+01
8.870000000000000284e+01
8.890000000000000568e+01
8.909999999999999432e+01
8.929999999999999716e+01
8.950000000000000000e+01
8.970000000000000284e+01
8.990000000000000568e+01
9.009999999999999432e+01
9.029999999999999716e+01
9.050000000000000000e+01
9.070000000000000284e+01
9.090000000000000568e+01
9.109999999999999432e+01
9.129999999999999716e+01
9.150000000000000000e+01
9.170000000000000284e+01
9.190000000000000568e+01
9.209999999999999432e+01
9.229999999999999716e+01
9.250000000000000000e+01
9.270000000000000284e+01
9.290000000000000568e+01
9.309999999999999432e+01
9.329999999999999716e+01
9.350000000000000000e+01
9.370000000000000284e+01
9.390000000000000568e+01
9.409999999999999432e+01
9.429999999999999716e+01
9.450000000000000000e+01
9.470000000000000284e+01
9.490000000000000568e+01
9.509999999999999432e+01
9.529999999999999716e+01
9.550000000000000000e+01
9.570000000000000284e+01
9.590000000000000568e+01
9.609999999999999432e+01
9.629999999999999716e+01
9.650000000000000000e+01
9.670000000000000284e+01
9.690000000000000568e+01
9.709999999999999432e+01
9.729999999999999716e+01
9.750000000000000000e+01
9.770000000000000284e+01
9.790000000000000568e+01
9.809999999999999432e+01
9.829999999999999716e+01
9.850000000000000000e+01
9.870000000000000284e+01
9.890000000000000568e+01
9.909999999999999432e+01
9.929999999999999716e+01
9.950000000000000000e+01
9.970000000000000284e+01
9.990000000000000568e+01
1.000000000000000056e-01
2.999999999999999889e-01
5.000000000000000000e-01
6.999999999999999556e-01
9.000000000000000222e-01
1.100000000000000089e+00
1.300000000000000044e+00
1.500000000000000000e+00
1.699999999999999956e+00
1.899999999999999911e+00
2.100000000000000089e+00
2.299999999999999822e+00
2.500000000000000000e+00
2.700000000000000178e+00
2.899999999999999911e+00
3.100000000000000089e+00
3.299999999999999822e+00
3.500000000000000000e+00
3.700000000000000178e+00
3.899999999999999911e+00
4.099999999999999645e+00
4.299999999999999822e+00
4.500000000000000000e+00
4.700000000000000178e+00
4.900000000000000355e+00
5.099999999999999645e+00
5.299999999999999822e+00
5.500000000000000000e+00
5.700000000000000178e+00
5.900000000000000355e+00
6.099999999999999645e+00
6.299999999999999822e+00
6.500000000000000000e+00
6.700000000000000178e+00
6.900000000000000355e+00
7.099999999999999645e+00
7.299999999999999822e+00
7.500000000000000000e+00
7.700000000000000178e+00
7.900000000000000355e+00
8.099999999999999645e+00
8.300000000000000711e+00
8.500000000000000000e+00
8.699999999999999289e+00
8.900000000000000355e+00
9.099999999999999645e+00
9.300000000000000711e+00
9.500000000000000000e+00
9.699999999999999289e+00
9.900000000000000355e+00
1.009999999999999964e+01
1.030000000000000071e+01
1.050000000000000000e+01
1.069999999999999929e+01
1.090000000000000036e+01
1.109999999999999964e+01
1.130000000000000071e+01
1.150000000000000000e+01
1.169999999999999929e+01
1.190000000000000036e+01
1.209999999999999964e+01
1.230000000000000071e+01
1.250000000000000000e+01
1.269999999999999929e+01
1.290000000000000036e+01
1.309999999999999964e+01
1.330000000000000071e+01
1.350000000000000000e+01
1.369999999999999929e+01
1.390000000000000036e+01
1.409999999999999964e+01
1.430000000000000071e+01
1.450000000000000000e+01
1.469999999999999929e+01
1.490000000000000036e+01
1.509999999999999964e+01
1.530000000000000071e+01
1.550000000000000000e+01
1.569999999999999929e+01
1.590000000000000036e+01
1.610000000000000142e+01
1.630000000000000071e+01
1.650000000000000000e+01
1.669999999999999929e+01
1.689999999999999858e+01
1.710000000000000142e+01
1.730000000000000071e+01
1.750000000000000000e+01
1.769999999999999929e+01
1.789999999999999858e+01
1.810000000000000142e+01
1.830000000000000071e+01
1.850000000000000000e+01
1.869999999999999929e+01
1.889999999999999858e+01
1.910000000000000142e+01
1.930000000000000071e+01
1.950000000000000000e+01
1.969999999999999929e+01
1.989999999999999858e+01
2.010000000000000142e+01
2.030000000000000071e+01
2.050000000000000000e+01
2.069999999999999929e+01
2.089999999999999858e+01
2.110000000000000142e+01
2.130000000000000071e+01
2.150000000000000000e+01
2.169999999999999929e+01
2.189999999999999858e+01
2.210000000000000142e+01
2.230000000000000071e+01
2.250000000000000000e+01
2.269999999999999929e+01
2.289999999999999858e+01
2.310000000000000142e+01
2.330000000000000071e+01
2.350000000000000000e+01
2.369999999999999929e+01
2.389999999999999858e+01
2.410000000000000142e+01
2.430000000000000071e+01
2.450000000000000000e+01
2.469999999999999929e+01
2.489999999999999858e+01
2.510000000000000142e+01
2.530000000000000071e+01
2.550000000000000000e+01
2.569999999999999929e+01
2.589999999999999858e+01
2.610000000000000142e+01
2.630000000000000071e+01
2.650000000000000000e+01
2.669999999999999929e+01
2.689999999999999858e+01
2.710000000000000142e+01
2.730000000000000071e+01
2.750000000000000000e+01
2.769999999999999929e+01
2.789999999999999858e+01
2.810000000000000142e+01
2.830000000000000071e+01
2.850000000000000000e+01
2.869999999999999929e+01
2.889999999999999858e+01
2.910000000000000142e+01
2.930000000000000071e+01
2.950000000000000000e+01
2.969999999999999929e+01
2.989999999999999858e+01
3.010000000000000142e+01
3.030000000000000071e+01
3.050000000000000000e+01
3.069999999999999929e+01
3.089999999999999858e+01
3.110000000000000142e+01
3.130000000000000071e+01
3.150000000000000000e+01
3.169999999999999929e+01
3.189999999999999858e+01
3.210000000000000142e+01
3.229999999999999716e+01
3.250000000000000000e+01
3.270000000000000284e+01
3.289999999999999858e+01
3.310000000000000142e+01
3.329999999999999716e+01
3.350000000000000000e+01
3.370000000000000284e+01
3.389999999999999858e+01
3.410000000000000142e+01
3.429999999999999716e+01
3.450000000000000000e+01
3.470000000000000284e+01
3.489999999999999858e+01
3.510000000000000142e+01
3.529999999999999716e+01
3.550000000000000000e+01
3.570000000000000284e+01
3.589999999999999858e+01
3.610000000000000142e+01
3.629999999999999716e+01
3.650000000000000000e+01
3.670000000000000284e+01
3.689999999999999858e+01
3.710000000000000142e+01
3.729999999999999716e+01
3.750000000000000000e+01
3.770000000000000284e+01
3.789999999999999858e+01
3.810000000000000142e+01
3.829999999999999716e+01
3.850000000000000000e+01
3.870000000000000284e+01
3.889999999999999858e+01
3.910000000000000142e+01
3.929999999999999716e+01
3.950000000000000000e+01
3.970000000000000284e+01
3.989999999999999858e+01
4.010000000000000142e+01
4.029999999999999716e+01
4.050000000000000000e+01
4.070000000000000284e+01
4.089999999999999858e+01
4.110000000000000142e+01
4.129999999999999716e+01
4.150000000000000000e+01
4.170000000000000284e+01
4.189999999999999858e+01
4.210000000000000142e+01
4.229999999999999716e+01
4.250000000000000000e+01
4.270000000000000284e+01
4.289999999999999858e+01
4.310000000000000142e+01
4.329999999999999716e+01
4.350000000000000000e+01
4.370000000000000284e+01
4.389999999999999858e+01
4.410000000000000142e+01
4.429999999999999716e+01
4.450000000000000000e+01
4.470000000000000284e+01
4.489999999999999858e+01
4.510000000000000142e+01
4.529999999999999716e+01
4.550000000000000000e+01
4.570000000000000284e+01
4.589999999999999858e+01
4.610000000000000142e+01
4.629999999999999716e+01
4.650000000000000000e+01
4.670000000000000284e+01
4.689999999999999858e+01
4.710000000000000142e+01
4.729999999999999716e+01
4.750000000000000000e+01
4.770000000000000284e+01
4.789999999999999858e+01
4.810000000000000142e+01
4.829999999999999716e+01
4.850000000000000000e+01
4.870000000000000284e+01
4.889999999999999858e+01
4.910000000000000142e+01
4.929999999999999716e+01
4.950000000000000000e+01
4.970000000000000284e+01
4.989999999999999858e+01
5.010000000000000142e+01
5.029999999999999716e+01
5.050000000000000000e+01
5.070000000000000284e+01
5.089999999999999858e+01
5.110000000000000142e+01
5.129999999999999716e+01
5.150000000000000000e+01
5.170000000000000284e+01
5.189999999999999858e+01
5.210000000000000142e+01
5.229999999999999716e+01
5.250000000000000000e+01
5.270000000000000284e+01
5.289999999999999858e+01
5.310000000000000142e+01
5.329999999999999716e+01
5.350000000000000000e+01
5.370000000000000284e+01
5.389999999999999858e+01
5.410000000000000142e+01
5.429999999999999716e+01
5.450000000000000000e+01
5.470000000000000284e+01
5.489999999999999858e+01
5.510000000000000142e+01
5.529999999999999716e+01
5.550000000000000000e+01
5.570000000000000284e+01
5.589999999999999858e+01
5.610000000000000142e+01
5.629999999999999716e+01
5.650000000000000000e+01
5.670000000000000284e+01
5.689999999999999858e+01
5.710000000000000142e+01
5.729999999999999716e+01
5.750000000000000000e+01
5.770000000000000284e+01
5.789999999999999858e+01
5.810000000000000142e+01
5.829999999999999716e+01
5.850000000000000000e+01
5.870000000000000284e+01
5.889999999999999858e+01
5.910000000000000142e+01
5.929999999999999716e+01
5.950000000000000000e+01
5.970000000000000284e+01
5.989999999999999858e+01
6.010000000000000142e+01
6.029999999999999716e+01
6.050000000000000000e+01
6.070000000000000284e+01
6.089999999999999858e+01
6.110000000000000142e+01
6.129999999999999716e+01
6.150000000000000000e+01
6.170000000000000284e+01
6.189999999999999858e+01
6.210000000000000142e+01
6.229999999999999716e+01
6.250000000000000000e+01
6.270000000000000284e+01
6.289999999999999858e+01
6.310000000000000142e+01
6.329999999999999716e+01
6.350000000000000000e+01
6.370000000000000284e+01
6.389999999999999858e+01
6.409999999999999432e+01
6.429999999999999716e+01
6.450000000000000000e+01
6.470000000000000284e+01
6.490000000000000568e+01
6.509999999999999432e+01
6.529999999999999716e+01
6.550000000000000000e+01
6.570000000000000284e+01
6.590000000000000568e+01
6.609999999999999432e+01
6.629999999999999716e+01
6.650000000000000000e+01
6.670000000000000284e+01
6.690000000000000568e+01
6.709999999999999432e+01
6.729999999999999716e+01
6.750000000000000000e+01
6.770000000000000284e+01
6.790000000000000568e+01
6.809999999999999432e+01
6.829999999999999716e+01
6.850000000000000000e+01
6.870000000000000284e+01
6.890000000000000568e+01
6.909999999999999432e+01
6.929999999999999716e+01
6.950000000000000000e+01
6.970000000000000284e+01
6.990000000000000568e+01
7.009999999999999432e+01
7.029999999999999716e+01
7.050000000000000000e+01
7.070000000000000284e+01
7.090000000000000568e+01
7.109999999999999432e+01
7.129999999999999716e+01
7.150000000000000000e+01
7.170000000000000284e+01
7.190000000000000568e+01
7.209999999999999432e+01
7.229999999999999716e+01
7.250000000000000000e+01
7.270000000000000284e+01
7.290000000000000568e+01
7.309999999999999432e+01
7.329999999999999716e+01
7.350000000000000000e+01
7.370000000000000284e+01
7.390000000000000568e+01
7.409999999999999432e+01
7.429999999999999716e+01
7.450000000000000000e+01
7.470000000000000284e+01
7.490000000000000568e+01
7.509999999999999432e+01
7.529999999999999716e+01
7.550000000000000000e+01
7.570000000000000284e+01
7.590000000000000568e+01
7.609999999999999432e+01
7.629999999999999716e+01
7.650000000000000000e+01
7.670000000000000284e+01
7.690000000000000568e+01
7.709999999999999432e+01
7.729999999999999716e+01
7.750000000000000000e+01
7.770000000000000284e+01
7.790000000000000568e+01
7.809999999999999432e+01
7.829999999999999716e+01
7.850000000000000000e+01
7.870000000000000284e+01
7.890000000000000568e+01
7.909999999999999432e+01
7.929999999999999716e+01
7.950000000000000000e+01
7.970000000000000284e+01
7.990000000000000568e+01
8.009999999999999432e+01
8.029999999999999716e+01
8.050000000000000000e+01
8.070000000000000284e+01
8.090000000000000568e+01
8.109999999999999432e+01
8.129999999999999716e+01
8.150000000000000000e+01
8.170000000000000284e+01
8.190000000000000568e+01
8.209999999999999432e+01
8.229999999999999716e+01
8.250000000000000000e+01
8.270000000000000284e+01
8.290000000000000568e+01
8.309999999999999432e+01
8.329999999999999716e+01
8.350000000000000000e+01
8.370000000000000284e+01
8.390000000000000568e+01
8.409999999999999432e+01
8.429999999999999716e+01
8.450000000000000000e+01
8.470000000000000284e+01
8.490000000000000568e+01
8.509999999999999432e+01
8.529999999999999716e+01
8.550000000000000000e+01
8.570000000000000284e+01
8.590000000000000568e+01
8.609999999999999432e+01
8.629999999999999716e+01
8.650000000000000000e+01
8.670000000000000284e+01
8.690000000000000568e+01
8.709999999999999432e+01
8.729999999999999716e+01
8.750000000000000000e+01
8.770000000000000284e+01
8.790000000000000568e+01
8.809999999999999432e+01
8.829999999999999716e+01
8.850000000000000000e+01
8.870000000000000284e+01
8.890000000000000568e+01
8.909999999999999432e+01
8.929999999999999716e+01
8.950000000000000000e+01
8.970000000000000284e+01
8.990000000000000568e+01
9.009999999999999432e+01
9.029999999999999716e+01
9.050000000000000000e+01
9.070000000000000284e+01
9.090000000000000568e+01
9.109999999999999432e+01
9.129999999999999716e+01
9.150000000000000000e+01
9.170000000000000284e+01
9.190000000000000568e+01
9.209999999999999432e+01
9.229999999999999716e+01
9.250000000000000000e+01
9.270000000000000284e+01
9.290000000000000568e+01
9.309999999999999432e+01
9.329999999999999716e+01
9.350000000000000000e+01
9.370000000000000284e+01
9.390000000000000568e+01
9.409999999999999432e+01
9.429999999999999716e+01
9.450000000000000000e+01
9.470000000000000284e+01
9.490000000000000568e+01
9.509999999999999432e+01
9.529999999999999716e+01
9.550000000000000000e+01
9.570000000000000284e+01
9.590000000000000568e+01
9.609999999999999432e+01
9.629999999999999716e+01
9.650000000000000000e+01
9.670000000000000284e+01
9.690000000000000568e+01
9.709999999999999432e+01
9.729999999999999716e+01
9.750000000000000000e+01
9.770000000000000284e+01
9.790000000000000568e+01
9.809999999999999432e+01
9.829999999999999716e+01
9.850000000000000000e+01
9.870000000000000284e+01
9.890000000000000568e+01
9.909999999999999432e+01
9.929999999999999716e+01
9.950000000000000000e+01
9.970000000000000284e+01
9.990000000000000568e+01
1.000000000000000056e-01
2.999999999999999889e-01
5.000000000000000000e-01
6.999999999999999556e-01
9.000000000000000222e-01
1.100000000000000089e+00
1.300000000000000044e+00
1.500000000000000000e+00
1.699999999999999956e+00
1.899999999999999911e+00
2.100000000000000089e+00
2.299999999999999822e+00
2.500000000000000000e+00
2.700000000000000178e+00
2.899999999999999911e+00
3.100000000000000089e+00
3.299999999999999822e+00
3.500000000000000000e+00
3.700000000000000178e+00
3.899999999999999911e+00
4.099999999999999645e+00
4.299999999999999822e+00
4.500000000000000000e+00
4.700000000000000178e+00
4.900000000000000355e+00
5.099999999999999645e+00
5.299999999999999822e+00
5.500000000000000000e+00
5.700000000000000178e+00
5.900000000000000355e+00
6.099999999999999645e+00
6.299999999999999822e+00
6.500000000000000000e+00
6.700000000000000178e+00
6.900000000000000355e+00
7.099999999999999645e+00
7.299999999999999822e+00
7.500000000000000000e+00
7.700000000000000178e+00
7.900000000000000355e+00
8.099999999999999645e+00
8.300000000000000711e+00
8.500000000000000000e+00
8.699999999999999289e+00
8.900000000000000355e+00
9.099999999999999645e+00
9.300000000000000711e+00
9.500000000000000000e+00
9.699999999999999289e+00
9.900000000000000355e+00
1.009999999999999964e+01
1.030000000000000071e+01
1.050000000000000000e+01
1.069999999999999929e+01
1.090000000000000036e+01
1.109999999999999964e+01
1.130000000000000071e+01
1.150000000000000000e+01
1.169999999999999929e+01
1.190000000000000036e+01
1.209999999999999964e+01
1.230000000000000071e+01
1.250000000000000000e+01
1.269999999999999929e+01
1.290000000000000036e+01
1.309999999999999964e+01
1.330000000000000071e+01
1.350000000000000000e+01
1.369999999999999929e+01
1.390000000000000036e+01
1.409999999999999964e+01
1.430000000000000071e+01
1.450000000000000000e+01
1.469999999999999929e+01
1.490000000000000036e+01
1.509999999999999964e+01
1.530000000000000071e+01
1.550000000000000000e+01
1.569999999999999929e+01
1.590000000000000036e+01
1.610000000000000142e+01
1.630000000000000071e+01
1.650000000000000000e+01
1.669999999999999929e+01
1.689999999999999858e+01
1.710000000000000142e+01
1.730000000000000071e+01
1.750000000000000000e+01
1.769999999999999929e+01
1.789999999999999858e+01
1.810000000000000142e+01
1.830000000000000071e+01
1.850000000000000000e+01
1.869999999999999929e+01
1.889999999999999858e+01
1.910000000000000142e+01
1.930000000000000071e+01
1.950000000000000000e+01
1.969999999999999929e+01
1.989999999999999858e+01
2.010000000000000142e+01
2.030000000000000071e+01
2.050000000000000000e+01
2.069999999999999929e+01
2.089999999999999858e+01
2.110000000000000142e+01
2.130000000000000071e+01
2.150000000000000000e+01
2.169999999999999929e+01
2.189999999999999858e+01
2.210000000000000142e+01
2.230000000000000071e+01
2.250000000000000000e+01
2.269999999999999929e+01
2.289999999999999858e+01
2.310000000000000142e+01
2.330000000000000071e+01
2.350000000000000000e+01
2.369999999999999929e+01
2.389999999999999858e+01
2.410000000000000142e+01
2.430000000000000071e+01
2.450000000000000000e+01
2.469999999999999929e+01
2.489999999999999858e+01
2.510000000000000142e+01
2.530000000000000071e+01
2.550000000000000000e+01
2.569999999999999929e+01
2.589999999999999858e+01
2.610000000000000142e+01
2.630000000000000071e+01
2.650000000000000000e+01
2.669999999999999929e+01
2.689999999999999858e+01
2.710000000000000142e+01
2.730000000000000071e+01
2.750000000000000000e+01
2.769999999999999929e+01
2.789999999999999858e+01
2.810000000000000142e+01
2.830000000000000071e+01
2.850000000000000000e+01
2.869999999999999929e+01
2.889999999999999858e+01
2.910000000000000142e+01
2.930000000000000071e+01
2.950000000000000000e+01
2.969999999999999929e+01
2.989999999999999858e+01
3.010000000000000142e+01
3.030000000000000071e+01
3.050000000000000000e+01
3.069999999999999929e+01
3.089999999999999858e+01
3.110000000000000142e+01
3.130000000000000071e+01
3.150000000000000000e+01
3.169999999999999929e+01
3.189999999999999858e+01
3.210000000000000142e+01
3.229999999999999716e+01
3.250000000000000000e+01
3.270000000000000284e+01
3.289999999999999858e+01
3.310000000000000142e+01
3.329999999999999716e+01
3.350000000000000000e+01
3.370000000000000284e+01
3.389999999999999858e+01
3.410000000000000142e+01
3.429999999999999716e+01
3.450000000000000000e+01
3.470000000000000284e+01
3.489999999999999858e+01
3.510000000000000142e+01
3.529999999999999716e+01
3.550000000000000000e+01
3.570000000000000284e+01
3.589999999999999858e+01
3.610000000000000142e+01
3.629999999999999716e+01
3.650000000000000000e+01
3.670000000000000284e+01
3.689999999999999858e+01
3.710000000000000142e+01
3.729999999999999716e+01
3.750000000000000000e+01
3.770000000000000284e+01
3.789999999999999858e+01
3.810000000000000142e+01
3.829999999999999716e+01
3.850000000000000000e+01
3.870000000000000284e+01
3.889999999999999858e+01
3.910000000000000142e+01
3.929999999999999716e+01
3.950000000000000000e+01
3.970000000000000284e+01
3.989999999999999858e+01
4.010000000000000142e+01
4.029999999999999716e+01
4.050000000000000000e+01
4.070000000000000284e+01
4.089999999999999858e+01
4.110000000000000142e+01
4.129999999999999716e+01
4.150000000000000000e+01
4.170000000000000284e+01
4.189999999999999858e+01
4.210000000000000142e+01
4.229999999999999716e+01
4.250000000000000000e+01
4.270000000000000284e+01
4.289999999999999858e+01
4.310000000000000142e+01
4.329999999999999716e+01
4.350000000000000000e+01
4.370000000000000284e+01
4.389999999999999858e+01
4.410000000000000142e+01
4.429999999999999716e+01
4.450000000000000000e+01
4.470000000000000284e+01
4.489999999999999858e+01
4.510000000000000142e+01
4.529999999999999716e+01
4.550000000000000000e+01
4.570000000000000284e+01
4.589999999999999858e+01
4.610000000000000142e+01
4.629999999999999716e+01
4.650000000000000000e+01
4.670000000000000284e+01
4.689999999999999858e+01
4.710000000000000142e+01
4.729999999999999716e+01
4.750000000000000000e+01
4.770000000000000284e+01
4.789999999999999858e+01
4.810000000000000142e+01
4.829999999999999716e+01
4.850000000000000000e+01
4.870000000000000284e+01
4.889999999999999858e+01
4.910000000000000142e+01
4.929999999999999716e+01
4.950000000000000000e+01
4.970000000000000284e+01
4.989999999999999858e+01
5.010000000000000142e+01
5.029999999999999716e+01
5.050000000000000000e+01
5.070000000000000284e+01
5.089999999999999858e+01
5.110000000000000142e+01
5.129999999999999716e+01
5.150000000000000000e+01
5.170000000000000284e+01
5.189999999999999858e+01
5.210000000000000142e+01
5.229999999999999716e+01
5.250000000000000000e+01
5.270000000000000284e+01
5.289999999999999858e+01
5.310000000000000142e+01
5.329999999999999716e+01
5.350000000000000000e+01
5.370000000000000284e+01
5.389999999999999858e+01
5.410000000000000142e+01
5.429999999999999716e+01
5.450000000000000000e+01
5.470000000000000284e+01
5.489999999999999858e+01
5.510000000000000142e+01
5.529999999999999716e+01
5.550000000000000000e+01
5.570000000000000284e+01
5.589999999999999858e+01
5.610000000000000142e+01
5.629999999999999716e+01
5.650000000000000000e+01
5.670000000000000284e+01
5.689999999999999858e+01
5.710000000000000142e+01
5.729999999999999716e+01
5.750000000000000000e+01
5.770000000000000284e+01
5.789999999999999858e+01
5.810000000000000142e+01
5.829999999999999716e+01
5.850000000000000000e+01
5.870000000000000284e+01
5.889999999999999858e+01
5.910000000000000142e+01
5.929999999999999716e+01
5.950000000000000000e+01
5.970000000000000284e+01
5.989999999999999858e+01
6.010000000000000142e+01
6.029999999999999716e+01
6.050000000000000000e+01
6.070000000000000284e+01
6.089999999999999858e+01
6.110000000000000142e+01
6.129999999999999716e+01
6.150000000000000000e+01
6.170000000000000284e+01
6.189999999999999858e+01
6.210000000000000142e+01
6.229999999999999716e+01
6.250000000000000000e+01
6.270000000000000284e+01
6.289999999999999858e+01
6.310000000000000142e+01
6.329999999999999716e+01
6.350000000000000000e+01
6.370000000000000284e+01
6.389999999999999858e+01
6.409999999999999432e+01
6.429999999999999716e+01
6.450000000000000000e+01
6.470000000000000284e+01
6.490000000000000568e+01
6.509999999999999432e+01
6.529999999999999716e+01
6.550000000000000000e+01
6.570000000000000284e+01
6.590000000000000568e+01
6.609999999999999432e+01
6.629999999999999716e+01
6.650000000000000000e+01
6.670000000000000284e+01
6.690000000000000568e+01
6.709999999999999432e+01
6.729999999999999716e+01
6.750000000000000000e+01
6.770000000000000284e+01
6.790000000000000568e+01
6.809999999999999432e+01
6.829999999999999716e+01
6.850000000000000000e+01
6.870000000000000284e+01
6.890000000000000568e+01
6.909999999999999432e+01
6.929999999999999716e+01
6.950000000000000000e+01
6.970000000000000284e+01
6.990000000000000568e+01
7.009999999999999432e+01
7.029999999999999716e+01
7.050000000000000000e+01
7.070000000000000284e+01
7.090000000000000568e+01
7.109999999999999432e+01
7.129999999999999716e+01
7.150000000000000000e+01
7.170000000000000284e+01
7.190000000000000568e+01
7.209999999999999432e+01
7.229999999999999716e+01
7.250000000000000000e+01
7.270000000000000284e+01
7.290000000000000568e+01
7.309999999999999432e+01
7.329999999999999716e+01
7.350000000000000000e+01
7.370000000000000284e+01
7.390000000000000568e+01
7.409999999999999432e+01
7.429999999999999716e+01
7.450000000000000000e+01
7.470000000000000284e+01
7.490000000000000568e+01
7.509999999999999432e+01
7.529999999999999716e+01
7.550000000000000000e+01
7.570000000000000284e+01
7.590000000000000568e+01
7.609999999999999432e+01
7.629999999999999716e+01
7.650000000000000000e+01
7.670000000000000284e+01
7.690000000000000568e+01
7.709999999999999432e+01
7.729999999999999716e+01
7.750000000000000000e+01
7.770000000000000284e+01
7.790000000000000568e+01
7.809999999999999432e+01
7.829999999999999716e+01
7.850000000000000000e+01
7.870000000000000284e+01
7.890000000000000568e+01
7.909999999999999432e+01
7.929999999999999716e+01
7.950000000000000000e+01
7.970000000000000284e+01
7.990000000000000568e+01
8.009999999999999432e+01
8.029999999999999716e+01
8.050000000000000000e+01
8.070000000000000284e+01
8.090000000000000568e+01
8.109999999999999432e+01
8.129999999999999716e+01
8.150000000000000000e+01
8.170000000000000284e+01
8.190000000000000568e+01
8.209999999999999432e+01
8.229999999999999716e+01
8.250000000000000000e+01
8.270000000000000284e+01
8.290000000000000568e+01
8.309999999999999432e+01
8.329999999999999716e+01
8.350000000000000000e+01
8.370000000000000284e+01
8.390000000000000568e+01
8.409999999999999432e+01
8.429999999999999716e+01
8.450000000000000000e+01
8.470000000000000284e+01
8.490000000000000568e+01
8.509999999999999432e+01
8.529999999999999716e+01
8.550000000000000000e+01
8.570000000000000284e+01
8.590000000000000568e+01
8.609999999999999432e+01
8.629999999999999716e+01
8.650000000000000000e+01
8.670000000000000284e+01
8.690000000000000568e+01
8.709999999999999432e+01
8.729999999999999716e+01
8.750000000000000000e+01
8.770000000000000284e+01
8.790000000000000568e+01
8.809999999999999432e+01
8.829999999999999716e+01
8.850000000000000000e+01
8.870000000000000284e+01
8.890000000000000568e+01
8.909999999999999432e+01
8.929999999999999716e+01
8.950000000000000000e+01
8.970000000000000284e+01
8.990000000000000568e+01
9.009999999999999432e+01
9.029999999999999716e+01
9.050000000000000000e+01
9.070000000000000284e+01
9.090000000000000568e+01
9.109999999999999432e+01
9.129999999999999716e+01
9.150000000000000000e+01
9.170000000000000284e+01
9.190000000000000568e+01
9.209999999999999432e+01
9.229999999999999716e+01
9.250000000000000000e+01
9.270000000000000284e+01
9.290000000000000568e+01
9.309999999999999432e+01
9.329999999999999716e+01
9.350000000000000000e+01
9.370000000000000284e+01
9.390000000000000568e+01
9.409999999999999432e+01
9.429999999999999716e+01
9.450000000000000000e+01
9.470000000000000284e+01
9.490000000000000568e+01
9.509999999999999432e+01
9.529999999999999716e+01
9.550000000000000000e+01
9.570000000000000284e+01
9.590000000000000568e+01
9.609999999999999432e+01
9.629999999999999716e+01
9.650000000000000000e+01
9.670000000000000284e+01
9.690000000000000568e+01
9.709999999999999432e+01
9.729999999999999716e+01
9.750000000000000000e+01
9.770000000000000284e+01
9.790000000000000568e+01
9.809999999999999432e+01
9.829999999999999716e+01
9.850000000000000000e+01
9.870000000000000284e+01
9.890000000000000568e+01
9.909999999999999432e+01
9.929999999999999716e+01
9.950000000000000000e+01
9.970000000000000284e+01
9.990000000000000568e+01
