# step, loss_train, loss_test, metrics_test
0.000000000000000000e+00 6.917278430974538139e+01 1.419808630610575328e-01 1.338665905240409302e+03 6.917278430974538139e+01 1.419808630610575328e-01 1.338665905240409302e+03
5.000000000000000000e+01 5.856311115848967574e+01 1.345160657617956723e-01 4.084109416887303468e+01 5.856311115848967574e+01 1.345160657617956723e-01 4.084109416887303468e+01
1.000000000000000000e+02 4.635158484195191164e+01 1.075090269848924807e-01 1.599801516587930550e+01 4.635158484195191164e+01 1.075090269848924807e-01 1.599801516587930550e+01
1.500000000000000000e+02 3.624394486640664326e+01 8.113702981186785013e-02 9.581784943456639780e+00 3.624394486640664326e+01 8.113702981186785013e-02 9.581784943456639780e+00
2.000000000000000000e+02 2.834512527834459661e+01 6.096267898277569347e-02 6.033081829881741243e+00 2.834512527834459661e+01 6.096267898277569347e-02 6.033081829881741243e+00
2.500000000000000000e+02 1.900276255530465974e+01 4.476571667930090426e-02 3.678877390449040163e+00 1.900276255530465974e+01 4.476571667930090426e-02 3.678877390449040163e+00
3.000000000000000000e+02 7.383422059863691267e+00 3.249861857391517228e-02 2.195841411120766473e+00 7.383422059863691267e+00 3.249861857391517228e-02 2.195841411120766473e+00
3.500000000000000000e+02 6.430049817238693954e+00 2.991909616606680880e-02 1.231331310835084292e+00 6.430049817238693954e+00 2.991909616606680880e-02 1.231331310835084292e+00
4.000000000000000000e+02 5.731806507963491448e+00 2.874602059891974079e-02 7.535564108779266856e-01 5.731806507963491448e+00 2.874602059891974079e-02 7.535564108779266856e-01
4.500000000000000000e+02 5.143527013187521035e+00 2.813530375084758589e-02 5.305320869805909556e-01 5.143527013187521035e+00 2.813530375084758589e-02 5.305320869805909556e-01
5.000000000000000000e+02 4.647436577732495522e+00 2.783355138968486228e-02 4.264171796710125584e-01 4.647436577732495522e+00 2.783355138968486228e-02 4.264171796710125584e-01
5.500000000000000000e+02 4.226366884984320116e+00 2.765498483696219451e-02 3.755419162131313771e-01 4.226366884984320116e+00 2.765498483696219451e-02 3.755419162131313771e-01
6.000000000000000000e+02 3.865079259250821853e+00 2.750764680329677650e-02 3.480624949303101623e-01 3.865079259250821853e+00 2.750764680329677650e-02 3.480624949303101623e-01
6.500000000000000000e+02 3.551819180975616774e+00 2.735840002020721931e-02 3.310032182437431247e-01 3.551819180975616774e+00 2.735840002020721931e-02 3.310032182437431247e-01
7.000000000000000000e+02 3.278680671048722850e+00 2.721027922949930886e-02 3.187868216974902857e-01 3.278680671048722850e+00 2.721027922949930886e-02 3.187868216974902857e-01
7.500000000000000000e+02 3.040392613773613473e+00 2.708550417488648013e-02 3.089613016570348369e-01 3.040392613773613473e+00 2.708550417488648013e-02 3.089613016570348369e-01
8.000000000000000000e+02 2.832515949492384610e+00 2.701088104621984787e-02 3.003898543453744630e-01 2.832515949492384610e+00 2.701088104621984787e-02 3.003898543453744630e-01
8.500000000000000000e+02 2.650413783863332817e+00 2.700606721199351468e-02 2.925044619402613622e-01 2.650413783863332817e+00 2.700606721199351468e-02 2.925044619402613622e-01
9.000000000000000000e+02 2.489352353826180586e+00 2.707720709110972637e-02 2.849946829729795295e-01 2.489352353826180586e+00 2.707720709110972637e-02 2.849946829729795295e-01
9.500000000000000000e+02 2.345044122059384950e+00 2.721638445704249384e-02 2.776735677853258144e-01 2.345044122059384950e+00 2.721638445704249384e-02 2.776735677853258144e-01
1.000000000000000000e+03 2.214003707704862212e+00 2.740471297103900736e-02 2.704191810123923734e-01 2.214003707704862212e+00 2.740471297103900736e-02 2.704191810123923734e-01
1.050000000000000000e+03 2.093598708820513021e+00 2.761662907587386986e-02 2.631491145852357660e-01 2.093598708820513021e+00 2.761662907587386986e-02 2.631491145852357660e-01
1.100000000000000000e+03 1.981918473238862610e+00 2.782410481989167420e-02 2.558082640424692578e-01 1.981918473238862610e+00 2.782410481989167420e-02 2.558082640424692578e-01
1.150000000000000000e+03 1.877584915311673264e+00 2.800039856061292340e-02 2.483614530982350965e-01 1.877584915311673264e+00 2.800039856061292340e-02 2.483614530982350965e-01
1.200000000000000000e+03 1.779575884224457782e+00 2.812322990875051540e-02 2.407881785245233330e-01 1.779575884224457782e+00 2.812322990875051540e-02 2.407881785245233330e-01
1.250000000000000000e+03 1.687090469680605054e+00 2.817715219850984096e-02 2.330788470803713819e-01 1.687090469680605054e+00 2.817715219850984096e-02 2.330788470803713819e-01
1.300000000000000000e+03 1.599461189486006019e+00 2.815472145437104834e-02 2.252322959431051763e-01 1.599461189486006019e+00 2.815472145437104834e-02 2.252322959431051763e-01
1.350000000000000000e+03 1.516104564098900376e+00 2.805611819023791018e-02 2.172543279909457392e-01 1.516104564098900376e+00 2.805611819023791018e-02 2.172543279909457392e-01
1.400000000000000000e+03 1.436496065523833021e+00 2.788728249576072696e-02 2.091568826782954638e-01 1.436496065523833021e+00 2.788728249576072696e-02 2.091568826782954638e-01
1.450000000000000000e+03 1.360156676313751589e+00 2.765714899217536563e-02 2.009574105215466144e-01 1.360156676313751589e+00 2.765714899217536563e-02 2.009574105215466144e-01
1.500000000000000000e+03 1.286644150457361135e+00 2.737480396839709826e-02 1.926780651803133293e-01 1.286644150457361135e+00 2.737480396839709826e-02 1.926780651803133293e-01
1.550000000000000000e+03 1.215548900336272276e+00 2.704715290568590613e-02 1.843444644846206071e-01 1.215548900336272276e+00 2.704715290568590613e-02 1.843444644846206071e-01
1.600000000000000000e+03 1.146499182458719179e+00 2.667722460829247827e-02 1.759839412837518324e-01 1.146499182458719179e+00 2.667722460829247827e-02 1.759839412837518324e-01
1.650000000000000000e+03 1.079180637514059127e+00 2.626299604071916094e-02 1.676233573529627707e-01 1.079180637514059127e+00 2.626299604071916094e-02 1.676233573529627707e-01
1.700000000000000000e+03 1.013368798341649724e+00 2.579715003287387509e-02 1.592867326672282591e-01 1.013368798341649724e+00 2.579715003287387509e-02 1.592867326672282591e-01
1.750000000000000000e+03 9.489734251650850938e-01 2.527072503043527318e-02 1.509933616699669356e-01 9.489734251650850938e-01 2.527072503043527318e-02 1.509933616699669356e-01
1.800000000000000000e+03 8.861812884244346655e-01 2.469086331129101766e-02 1.427582042346323410e-01 8.861812884244346655e-01 2.469086331129101766e-02 1.427582042346323410e-01
1.850000000000000000e+03 8.258244313989560048e-01 2.412491505420120974e-02 1.345975309766135608e-01 8.258244313989560048e-01 2.412491505420120974e-02 1.345975309766135608e-01
1.900000000000000000e+03 7.689821721758558493e-01 2.368560189691400197e-02 1.265390039049174020e-01 7.689821721758558493e-01 2.368560189691400197e-02 1.265390039049174020e-01
1.950000000000000000e+03 7.158445815673594170e-01 2.334986509646436864e-02 1.186334028093171122e-01 7.158445815673594170e-01 2.334986509646436864e-02 1.186334028093171122e-01
2.000000000000000000e+03 6.659933424200223939e-01 2.302588795576268957e-02 1.109428199739308507e-01 6.659933424200223939e-01 2.302588795576268957e-02 1.109428199739308507e-01
2.050000000000000000e+03 6.186611328835219803e-01 2.267143235208626817e-02 1.035135075538633070e-01 6.186611328835219803e-01 2.267143235208626817e-02 1.035135075538633070e-01
2.100000000000000000e+03 5.726491070270279815e-01 2.224250100181045242e-02 9.638079670208374305e-02 5.726491070270279815e-01 2.224250100181045242e-02 9.638079670208374305e-02
2.150000000000000000e+03 5.259644210293427102e-01 2.162873575929565723e-02 8.957646741457409023e-02 5.259644210293427102e-01 2.162873575929565723e-02 8.957646741457409023e-02
2.200000000000000000e+03 4.798352968795281392e-01 2.068370226384801461e-02 8.312342035789499484e-02 4.798352968795281392e-01 2.068370226384801461e-02 8.312342035789499484e-02
2.250000000000000000e+03 4.483993363883830297e-01 2.016912352539375688e-02 7.703375490145740467e-02 4.483993363883830297e-01 2.016912352539375688e-02 7.703375490145740467e-02
2.300000000000000000e+03 4.256043630182310133e-01 2.028873061224629321e-02 7.132631411649227593e-02 4.256043630182310133e-01 2.028873061224629321e-02 7.132631411649227593e-02
2.350000000000000000e+03 4.057414978153962015e-01 2.039856395366768105e-02 6.597469406473970011e-02 4.057414978153962015e-01 2.039856395366768105e-02 6.597469406473970011e-02
2.400000000000000000e+03 3.874925511088359031e-01 2.050123744489510194e-02 6.096177235592669524e-02 3.874925511088359031e-01 2.050123744489510194e-02 6.096177235592669524e-02
2.450000000000000000e+03 3.705047214131587108e-01 2.058892542191363001e-02 5.627713177167148473e-02 3.705047214131587108e-01 2.058892542191363001e-02 5.627713177167148473e-02
2.500000000000000000e+03 3.546195764641555948e-01 2.065862912847910363e-02 5.191067306390254044e-02 3.546195764641555948e-01 2.065862912847910363e-02 5.191067306390254044e-02
2.550000000000000000e+03 3.397324546549574387e-01 2.070799023874667771e-02 4.785100005788123223e-02 3.397324546549574387e-01 2.070799023874667771e-02 4.785100005788123223e-02
2.600000000000000000e+03 3.257599144892454612e-01 2.073518677692524556e-02 4.408496855751539018e-02 3.257599144892454612e-01 2.073518677692524556e-02 4.408496855751539018e-02
2.650000000000000000e+03 3.126302278254221578e-01 2.073889410951641407e-02 4.059801541871098374e-02 3.126302278254221578e-01 2.073889410951641407e-02 4.059801541871098374e-02
2.700000000000000000e+03 3.002795847730881929e-01 2.071829829097714126e-02 3.737470679181108951e-02 3.002795847730881929e-01 2.071829829097714126e-02 3.737470679181108951e-02
2.750000000000000000e+03 2.886501613094083485e-01 2.067309097238077126e-02 3.439927174467207610e-02 2.886501613094083485e-01 2.067309097238077126e-02 3.439927174467207610e-02
2.800000000000000000e+03 2.776889952963371155e-01 2.060343942659145430e-02 3.165603773380329389e-02 2.776889952963371155e-01 2.060343942659145430e-02 3.165603773380329389e-02
2.850000000000000000e+03 2.673472917706429808e-01 2.050993786754533310e-02 2.912975118606768443e-02 2.673472917706429808e-01 2.050993786754533310e-02 2.912975118606768443e-02
2.900000000000000000e+03 2.575799755087936904e-01 2.039354814431438082e-02 2.680579279621940134e-02 2.575799755087936904e-01 2.039354814431438082e-02 2.680579279621940134e-02
2.950000000000000000e+03 2.483453867268286264e-01 2.025553633493876529e-02 2.467030580180585089e-02 2.483453867268286264e-01 2.025553633493876529e-02 2.467030580180585089e-02
3.000000000000000000e+03 2.396050566481766342e-01 2.009740971777202248e-02 2.271025682105711624e-02 2.396050566481766342e-01 2.009740971777202248e-02 2.271025682105711624e-02
3.050000000000000000e+03 2.313235244027061766e-01 1.992085698980892300e-02 2.091344726216639444e-02 2.313235244027061766e-01 1.992085698980892300e-02 2.091344726216639444e-02
3.100000000000000000e+03 2.234681721740715554e-01 1.972769353071083392e-02 1.926849068756615602e-02 2.234681721740715554e-01 1.972769353071083392e-02 1.926849068756615602e-02
3.150000000000000000e+03 2.160090650708310911e-01 1.951981281410709174e-02 1.776476862825176681e-02 2.160090650708310911e-01 1.951981281410709174e-02 1.776476862825176681e-02
3.200000000000000000e+03 2.089187880068088810e-01 1.929914457121449309e-02 1.639237454745224795e-02 2.089187880068088810e-01 1.929914457121449309e-02 1.639237454745224795e-02
3.250000000000000000e+03 2.021722754139455014e-01 1.906761990904700180e-02 1.514205312845852934e-02 2.021722754139455014e-01 1.906761990904700180e-02 1.514205312845852934e-02
3.300000000000000000e+03 1.957466319131635768e-01 1.882714323058022263e-02 1.400513989716840185e-02 1.957466319131635768e-01 1.882714323058022263e-02 1.400513989716840185e-02
3.350000000000000000e+03 1.896209438481161469e-01 1.857957048685841134e-02 1.297350441845576859e-02 1.896209438481161469e-01 1.857957048685841134e-02 1.297350441845576859e-02
3.400000000000000000e+03 1.837760832740555350e-01 1.832669301690147828e-02 1.203949892059836928e-02 1.837760832740555350e-01 1.832669301690147828e-02 1.203949892059836928e-02
3.450000000000000000e+03 1.781945077478886419e-01 1.807022601259043390e-02 1.119591317276193328e-02 1.781945077478886419e-01 1.807022601259043390e-02 1.119591317276193328e-02
3.500000000000000000e+03 1.728600609907821606e-01 1.781180049790920261e-02 1.043593572223369681e-02 1.728600609907821606e-01 1.781180049790920261e-02 1.043593572223369681e-02
3.550000000000000000e+03 1.677577809055391111e-01 1.755295765210122122e-02 9.753121140035675776e-03 1.677577809055391111e-01 1.755295765210122122e-02 9.753121140035675776e-03
3.600000000000000000e+03 1.628737221629187604e-01 1.729514435017310767e-02 9.141362673294350927e-03 1.628737221629187604e-01 1.729514435017310767e-02 9.141362673294350927e-03
3.650000000000000000e+03 1.581948003231988531e-01 1.703970895084042439e-02 8.594869608477287426e-03 1.581948003231988531e-01 1.703970895084042439e-02 8.594869608477287426e-03
3.700000000000000000e+03 1.537086631215530130e-01 1.678789662725243756e-02 8.108148661716186104e-03 1.537086631215530130e-01 1.678789662725243756e-02 8.108148661716186104e-03
3.750000000000000000e+03 1.494035922649371295e-01 1.654084388670569450e-02 7.675988785420180191e-03 1.494035922649371295e-01 1.654084388670569450e-02 7.675988785420180191e-03
3.800000000000000000e+03 1.452684362457791756e-01 1.629957231887922339e-02 7.293448875847949840e-03 1.452684362457791756e-01 1.629957231887922339e-02 7.293448875847949840e-03
3.850000000000000000e+03 1.412925717892750122e-01 1.606498198917379744e-02 6.955847955538186148e-03 1.412925717892750122e-01 1.606498198917379744e-02 6.955847955538186148e-03
3.900000000000000000e+03 1.374658891249140313e-01 1.583784519097255691e-02 6.658757470506263682e-03 1.374658891249140313e-01 1.583784519097255691e-02 6.658757470506263682e-03
3.950000000000000000e+03 1.337787946820097051e-01 1.561880143418995989e-02 6.397995379363604837e-03 1.337787946820097051e-01 1.561880143418995989e-02 6.397995379363604837e-03
4.000000000000000000e+03 1.302222242164192134e-01 1.540835454696039275e-02 6.169621723537911141e-03 1.302222242164192134e-01 1.540835454696039275e-02 6.169621723537911141e-03
4.050000000000000000e+03 1.267876597280231110e-01 1.520687260441917418e-02 5.969935363600558514e-03 1.267876597280231110e-01 1.520687260441917418e-02 5.969935363600558514e-03
4.100000000000000000e+03 1.234671446080864432e-01 1.501459110720899937e-02 5.795471556628076920e-03 1.234671446080864432e-01 1.501459110720899937e-02 5.795471556628076920e-03
4.150000000000000000e+03 1.202532929616334234e-01 1.483161947040720005e-02 5.643000042348751688e-03 1.202532929616334234e-01 1.483161947040720005e-02 5.643000042348751688e-03
4.200000000000000000e+03 1.171392906802518480e-01 1.465795051832726945e-02 5.509523307202242488e-03 1.171392906802518480e-01 1.465795051832726945e-02 5.509523307202242488e-03
4.250000000000000000e+03 1.141188873513126895e-01 1.449347237327877277e-02 5.392274707963911305e-03 1.141188873513126895e-01 1.449347237327877277e-02 5.392274707963911305e-03
4.300000000000000000e+03 1.111863793237000408e-01 1.433798191953514212e-02 5.288716160529072403e-03 1.111863793237000408e-01 1.433798191953514212e-02 5.288716160529072403e-03
4.350000000000000000e+03 1.083365851393483931e-01 1.419119893550246578e-02 5.196535133820325003e-03 1.083365851393483931e-01 1.419119893550246578e-02 5.196535133820325003e-03
4.400000000000000000e+03 1.055648150866037999e-01 1.405278001160525404e-02 5.113640732065555770e-03 1.055648150866037999e-01 1.405278001160525404e-02 5.113640732065555770e-03
4.450000000000000000e+03 1.028668368835846808e-01 1.392233148517399779e-02 5.038158699172359811e-03 1.028668368835846808e-01 1.392233148517399779e-02 5.038158699172359811e-03
4.500000000000000000e+03 1.002388395258644316e-01 1.379942079410267051e-02 4.968425234808669308e-03 1.002388395258644316e-01 1.379942079410267051e-02 4.968425234808669308e-03
4.550000000000000000e+03 9.767739720253471036e-02 1.368358584542948148e-02 4.902979571001751108e-03 9.767739720253471036e-02 1.368358584542948148e-02 4.902979571001751108e-03
4.600000000000000000e+03 9.517943495539145371e-02 1.357434218684046810e-02 4.840555318353967178e-03 9.517943495539145371e-02 1.357434218684046810e-02 4.840555318353967178e-03
4.650000000000000000e+03 9.274219746520889762e-02 1.347118794222077962e-02 4.780070649809400711e-03 9.274219746520889762e-02 1.347118794222077962e-02 4.780070649809400711e-03
4.700000000000000000e+03 9.036322201154753375e-02 1.337360662194616093e-02 4.720617444748629286e-03 9.036322201154753375e-02 1.337360662194616093e-02 4.720617444748629286e-03
4.750000000000000000e+03 8.804031626018767043e-02 1.328106805004859552e-02 4.661449564400435043e-03 8.804031626018767043e-02 1.328106805004859552e-02 4.661449564400435043e-03
4.800000000000000000e+03 8.577154105882130175e-02 1.319302777671241267e-02 4.601970468531307000e-03 8.577154105882130175e-02 1.319302777671241267e-02 4.601970468531307000e-03
4.850000000000000000e+03 8.355519783320410065e-02 1.310892548207156713e-02 4.541720410146355205e-03 8.355519783320410065e-02 1.310892548207156713e-02 4.541720410146355205e-03
4.900000000000000000e+03 8.138981945193486667e-02 1.302818303941219273e-02 4.480363456065436512e-03 8.138981945193486667e-02 1.302818303941219273e-02 4.480363456065436512e-03
4.950000000000000000e+03 7.927416259418099131e-02 1.295020309416549005e-02 4.417674572540367453e-03 7.927416259418099131e-02 1.295020309416549005e-02 4.417674572540367453e-03
5.000000000000000000e+03 7.720719882599906547e-02 1.287436920710175771e-02 4.353526981939742115e-03 7.720719882599906547e-02 1.287436920710175771e-02 4.353526981939742115e-03
5.050000000000000000e+03 7.518810100677618402e-02 1.280004874667768112e-02 4.287879935695911027e-03 7.518810100677618402e-02 1.280004874667768112e-02 4.287879935695911027e-03
5.100000000000000000e+03 7.321622166407958099e-02 1.272659969387743631e-02 4.220766961499363562e-03 7.321622166407958099e-02 1.272659969387743631e-02 4.220766961499363562e-03
5.150000000000000000e+03 7.129106096822415695e-02 1.265338221011677242e-02 4.152284540220554064e-03 7.129106096822415695e-02 1.265338221011677242e-02 4.152284540220554064e-03
5.200000000000000000e+03 6.941222409038001750e-02 1.257977510034474951e-02 4.082581075472607388e-03 6.941222409038001750e-02 1.257977510034474951e-02 4.082581075472607388e-03
5.250000000000000000e+03 6.757937076647453634e-02 1.250519617206172739e-02 4.011845974682527391e-03 6.757937076647453634e-02 1.250519617206172739e-02 4.011845974682527391e-03
5.300000000000000000e+03 6.579216294358551653e-02 1.242912414492879265e-02 3.940298705192218920e-03 6.579216294358551653e-02 1.242912414492879265e-02 3.940298705192218920e-03
5.350000000000000000e+03 6.405021819641078251e-02 1.235111864146267412e-02 3.868177840689124639e-03 6.405021819641078251e-02 1.235111864146267412e-02 3.868177840689124639e-03
5.400000000000000000e+03 6.235307612288261414e-02 1.227083444101808619e-02 3.795730344058524490e-03 6.235307612288261414e-02 1.227083444101808619e-02 3.795730344058524490e-03
5.450000000000000000e+03 6.070018202454575962e-02 1.218802699499464681e-02 3.723201562296787458e-03 6.070018202454575962e-02 1.218802699499464681e-02 3.723201562296787458e-03
5.500000000000000000e+03 5.909088787909284879e-02 1.210254810121549549e-02 3.650826534213681782e-03 5.909088787909284879e-02 1.210254810121549549e-02 3.650826534213681782e-03
5.550000000000000000e+03 5.752446662709361641e-02 1.201433299264748240e-02 3.578823160501917386e-03 5.752446662709361641e-02 1.201433299264748240e-02 3.578823160501917386e-03
5.600000000000000000e+03 5.600013356751631921e-02 1.192338201064151518e-02 3.507387562785610913e-03 5.600013356751631921e-02 1.192338201064151518e-02 3.507387562785610913e-03
5.650000000000000000e+03 5.451706865582291867e-02 1.182974081551548852e-02 3.436691644130758679e-03 5.451706865582291867e-02 1.182974081551548852e-02 3.436691644130758679e-03
5.700000000000000000e+03 5.307443518118937220e-02 1.173348260766012355e-02 3.366882570137939325e-03 5.307443518118937220e-02 1.173348260766012355e-02 3.366882570137939325e-03
5.750000000000000000e+03 5.167139262988561244e-02 1.163469450829429652e-02 3.298083702975416857e-03 5.167139262988561244e-02 1.163469450829429652e-02 3.298083702975416857e-03
5.800000000000000000e+03 5.030710359552176270e-02 1.153346873296155414e-02 3.230396468484273906e-03 5.030710359552176270e-02 1.153346873296155414e-02 3.230396468484273906e-03
5.850000000000000000e+03 4.898073957789035593e-02 1.142989911025846933e-02 3.163897916501583110e-03 4.898073957789035593e-02 1.142989911025846933e-02 3.163897916501583110e-03
5.900000000000000000e+03 4.796460078925011278e-02 1.138294265704572518e-02 1.914004468234343018e-02 4.796460078925011278e-02 1.138294265704572518e-02 1.914004468234343018e-02
5.950000000000000000e+03 4.666662775397861090e-02 1.123843382842680712e-02 3.075780334260519184e-03 4.666662775397861090e-02 1.123843382842680712e-02 3.075780334260519184e-03
6.000000000000000000e+03 4.556004621235433538e-02 1.113885197060387675e-02 2.966561709200680758e-03 4.556004621235433538e-02 1.113885197060387675e-02 2.966561709200680758e-03
6.050000000000000000e+03 4.449309378856371178e-02 1.103782493720463151e-02 2.909162521835502620e-03 4.449309378856371178e-02 1.103782493720463151e-02 2.909162521835502620e-03
6.100000000000000000e+03 4.345157470088719526e-02 1.093379557224936557e-02 2.853962837901062588e-03 4.345157470088719526e-02 1.093379557224936557e-02 2.853962837901062588e-03
6.150000000000000000e+03 4.243531898824450671e-02 1.082761346948681730e-02 2.799887223900150192e-03 4.243531898824450671e-02 1.082761346948681730e-02 2.799887223900150192e-03
6.200000000000000000e+03 4.144367590871352036e-02 1.071954968334991841e-02 2.747026705953924293e-03 4.144367590871352036e-02 1.071954968334991841e-02 2.747026705953924293e-03
6.250000000000000000e+03 4.047623661731499650e-02 1.060983328448402221e-02 2.695268259079760045e-03 4.047623661731499650e-02 1.060983328448402221e-02 2.695268259079760045e-03
6.300000000000000000e+03 3.967377532573132526e-02 1.053506920192543751e-02 7.432407726451681178e-03 3.967377532573132526e-02 1.053506920192543751e-02 7.432407726451681178e-03
6.350000000000000000e+03 3.871658755815742675e-02 1.040540268722745139e-02 2.709812955588464505e-03 3.871658755815742675e-02 1.040540268722745139e-02 2.709812955588464505e-03
6.400000000000000000e+03 3.788595326000450403e-02 1.030848516685837352e-02 2.554259996230792869e-03 3.788595326000450403e-02 1.030848516685837352e-02 2.554259996230792869e-03
6.450000000000000000e+03 3.706346624572479792e-02 1.020466456200042928e-02 2.513348671775106780e-03 3.706346624572479792e-02 1.020466456200042928e-02 2.513348671775106780e-03
6.500000000000000000e+03 3.625936691958692171e-02 1.009949316530106903e-02 2.473047094412801281e-03 3.625936691958692171e-02 1.009949316530106903e-02 2.473047094412801281e-03
6.550000000000000000e+03 3.547319414390572717e-02 9.993268360961159863e-03 2.433301350478441968e-03 3.547319414390572717e-02 9.993268360961159863e-03 2.433301350478441968e-03
6.600000000000000000e+03 3.470567674581979262e-02 9.886522074566932508e-03 2.393803594605553500e-03 3.470567674581979262e-02 9.886522074566932508e-03 2.393803594605553500e-03
6.650000000000000000e+03 3.402995885653312819e-02 9.799592988969008447e-03 3.023541473698931458e-03 3.402995885653312819e-02 9.799592988969008447e-03 3.023541473698931458e-03
6.700000000000000000e+03 3.331751029678095555e-02 9.701271803935910057e-03 2.375821247602813002e-03 3.331751029678095555e-02 9.701271803935910057e-03 2.375821247602813002e-03
6.750000000000000000e+03 3.263022896446538673e-02 9.601303394125864157e-03 2.288319041380057397e-03 3.263022896446538673e-02 9.601303394125864157e-03 2.288319041380057397e-03
6.800000000000000000e+03 3.196643193254437160e-02 9.503044833614202394e-03 2.255928736978850269e-03 3.196643193254437160e-02 9.503044833614202394e-03 2.255928736978850269e-03
6.850000000000000000e+03 3.131575428125737970e-02 9.403946159094190779e-03 2.224453666775024017e-03 3.131575428125737970e-02 9.403946159094190779e-03 2.224453666775024017e-03
6.900000000000000000e+03 3.067811109093437211e-02 9.304279992475439007e-03 2.193339840139232801e-03 3.067811109093437211e-02 9.304279992475439007e-03 2.193339840139232801e-03
6.950000000000000000e+03 3.005416568903606159e-02 9.204463120674846385e-03 2.162314143249976801e-03 3.005416568903606159e-02 9.204463120674846385e-03 2.162314143249976801e-03
7.000000000000000000e+03 2.958493693331002219e-02 9.148546879312833072e-03 1.000172032550788667e-02 2.958493693331002219e-02 9.148546879312833072e-03 1.000172032550788667e-02
7.050000000000000000e+03 2.893022771667062149e-02 9.039713316172945032e-03 2.165608689997091437e-03 2.893022771667062149e-02 9.039713316172945032e-03 2.165608689997091437e-03
7.100000000000000000e+03 2.837117177348554703e-02 8.949338099306952676e-03 2.079865469333591274e-03 2.837117177348554703e-02 8.949338099306952676e-03 2.079865469333591274e-03
7.150000000000000000e+03 2.782924738271611714e-02 8.860479375652223835e-03 2.055248262319291259e-03 2.782924738271611714e-02 8.860479375652223835e-03 2.055248262319291259e-03
7.200000000000000000e+03 2.729711718970352294e-02 8.771301052460794834e-03 2.030478784101831264e-03 2.729711718970352294e-02 8.771301052460794834e-03 2.030478784101831264e-03
7.250000000000000000e+03 2.677425726208204626e-02 8.681807839848957459e-03 2.005793857555347552e-03 2.677425726208204626e-02 8.681807839848957459e-03 2.005793857555347552e-03
7.300000000000000000e+03 2.626039330883892658e-02 8.591988880589800787e-03 1.981319955088951985e-03 2.626039330883892658e-02 8.591988880589800787e-03 1.981319955088951985e-03
7.350000000000000000e+03 2.575631619483181173e-02 8.502215068805428835e-03 1.957195297211749251e-03 2.575631619483181173e-02 8.502215068805428835e-03 1.957195297211749251e-03
7.400000000000000000e+03 2.538250324345606157e-02 8.452496870192352518e-03 9.760094312581936438e-03 2.538250324345606157e-02 8.452496870192352518e-03 9.760094312581936438e-03
7.450000000000000000e+03 2.484050640638144763e-02 8.355103342785131018e-03 1.979904749825344822e-03 2.484050640638144763e-02 8.355103342785131018e-03 1.979904749825344822e-03
7.500000000000000000e+03 2.438331206774283985e-02 8.273541082835568841e-03 1.892864398414391934e-03 2.438331206774283985e-02 8.273541082835568841e-03 1.892864398414391934e-03
7.550000000000000000e+03 2.393932921339637573e-02 8.193884467989265633e-03 1.873167036276246131e-03 2.393932921339637573e-02 8.193884467989265633e-03 1.873167036276246131e-03
7.600000000000000000e+03 2.350206977461510513e-02 8.114088541096938292e-03 1.853306949631753969e-03 2.350206977461510513e-02 8.114088541096938292e-03 1.853306949631753969e-03
7.650000000000000000e+03 2.307115670238578387e-02 8.034080422345948880e-03 1.833476569258254583e-03 2.307115670238578387e-02 8.034080422345948880e-03 1.833476569258254583e-03
7.700000000000000000e+03 2.264640347057348888e-02 7.953811052484048225e-03 1.813782717840025380e-03 2.264640347057348888e-02 7.953811052484048225e-03 1.813782717840025380e-03
7.750000000000000000e+03 2.222821222328195609e-02 7.873472953292128679e-03 1.794087763179320503e-03 2.222821222328195609e-02 7.873472953292128679e-03 1.794087763179320503e-03
7.800000000000000000e+03 2.198833884824830456e-02 7.844058186778860714e-03 2.175867553421536801e-02 2.198833884824830456e-02 7.844058186778860714e-03 2.175867553421536801e-02
7.850000000000000000e+03 2.146182951505551384e-02 7.741141952127881740e-03 1.785176417739964229e-03 2.146182951505551384e-02 7.741141952127881740e-03 1.785176417739964229e-03
7.900000000000000000e+03 2.108235181053750434e-02 7.669074214926962195e-03 1.742851017117195587e-03 2.108235181053750434e-02 7.669074214926962195e-03 1.742851017117195587e-03
7.950000000000000000e+03 2.071047646927043698e-02 7.598107219508181374e-03 1.726667393640443030e-03 2.071047646927043698e-02 7.598107219508181374e-03 1.726667393640443030e-03
8.000000000000000000e+03 2.034312318702977476e-02 7.527073451699788260e-03 1.710376728306330389e-03 2.034312318702977476e-02 7.527073451699788260e-03 1.710376728306330389e-03
8.050000000000000000e+03 1.998009956177531840e-02 7.455874108308611567e-03 1.694045727471543434e-03 1.998009956177531840e-02 7.455874108308611567e-03 1.694045727471543434e-03
8.100000000000000000e+03 1.962128317257817722e-02 7.384439013761520156e-03 1.677777043180146395e-03 1.962128317257817722e-02 7.384439013761520156e-03 1.677777043180146395e-03
8.150000000000000000e+03 1.926659626112838669e-02 7.312758112677899061e-03 1.661582786503799361e-03 1.926659626112838669e-02 7.312758112677899061e-03 1.661582786503799361e-03
8.200000000000000000e+03 1.898639900035392278e-02 7.264672697590583185e-03 6.366351603191320804e-03 1.898639900035392278e-02 7.264672697590583185e-03 6.366351603191320804e-03
8.250000000000000000e+03 1.860981102535898615e-02 7.192481806622700626e-03 1.649482593203740761e-03 1.860981102535898615e-02 7.192481806622700626e-03 1.649482593203740761e-03
8.300000000000000000e+03 1.828744847869686121e-02 7.128365838358474010e-03 1.619621592227191891e-03 1.828744847869686121e-02 7.128365838358474010e-03 1.619621592227191891e-03
8.350000000000000000e+03 1.797084382548321327e-02 7.065484377547375655e-03 1.604989183343746026e-03 1.797084382548321327e-02 7.065484377547375655e-03 1.604989183343746026e-03
8.400000000000000000e+03 1.765680824756937772e-02 7.002370362041448852e-03 1.591221161449265500e-03 1.765680824756937772e-02 7.002370362041448852e-03 1.591221161449265500e-03
8.450000000000000000e+03 1.734578854667478617e-02 6.939094773762463642e-03 1.577403289866112241e-03 1.734578854667478617e-02 6.939094773762463642e-03 1.577403289866112241e-03
8.500000000000000000e+03 1.703775630242604019e-02 6.875584571623690779e-03 1.563600299706020260e-03 1.703775630242604019e-02 6.875584571623690779e-03 1.563600299706020260e-03
8.550000000000000000e+03 1.673267040439613967e-02 6.811825632287428663e-03 1.549841991371074578e-03 1.673267040439613967e-02 6.811825632287428663e-03 1.549841991371074578e-03
8.600000000000000000e+03 1.661939254376876979e-02 6.789094081676461459e-03 3.484638761014476754e-02 1.661939254376876979e-02 6.789094081676461459e-03 3.484638761014476754e-02
8.650000000000000000e+03 1.613757364524278162e-02 6.688875548710178365e-03 3.637867997999435620e-03 1.613757364524278162e-02 6.688875548710178365e-03 3.637867997999435620e-03
8.700000000000000000e+03 1.588151072566496708e-02 6.643491060732397910e-03 1.537390097558808061e-03 1.588151072566496708e-02 6.643491060732397910e-03 1.537390097558808061e-03
8.750000000000000000e+03 1.561287174110630692e-02 6.589029279886450541e-03 1.500563352786821354e-03 1.561287174110630692e-02 6.589029279886450541e-03 1.500563352786821354e-03
8.800000000000000000e+03 1.534353836792301008e-02 6.533184000603108749e-03 1.488904919487705038e-03 1.534353836792301008e-02 6.533184000603108749e-03 1.488904919487705038e-03
8.850000000000000000e+03 1.507667987363780701e-02 6.477205442141680675e-03 1.477091585266312882e-03 1.507667987363780701e-02 6.477205442141680675e-03 1.477091585266312882e-03
8.900000000000000000e+03 1.481224644448965976e-02 6.420944269512584603e-03 1.465206274056170049e-03 1.481224644448965976e-02 6.420944269512584603e-03 1.465206274056170049e-03
8.950000000000000000e+03 1.455023669521357706e-02 6.364369792921556468e-03 1.453299947007443511e-03 1.455023669521357706e-02 6.364369792921556468e-03 1.453299947007443511e-03
9.000000000000000000e+03 1.429064889126257024e-02 6.307492589854384567e-03 1.441391214607225853e-03 1.429064889126257024e-02 6.307492589854384567e-03 1.441391214607225853e-03
9.050000000000000000e+03 1.405681337141724031e-02 6.258046562421066064e-03 2.950134176292751754e-03 1.405681337141724031e-02 6.258046562421066064e-03 2.950134176292751754e-03
9.100000000000000000e+03 1.381935845963803804e-02 6.210634033242771850e-03 2.688232465409695193e-03 1.381935845963803804e-02 6.210634033242771850e-03 2.688232465409695193e-03
9.150000000000000000e+03 1.357211954594649342e-02 6.156243872598347357e-03 1.439570858136827265e-03 1.357211954594649342e-02 6.156243872598347357e-03 1.439570858136827265e-03
9.200000000000000000e+03 1.334037536397560293e-02 6.104867935671724928e-03 1.398418268839469797e-03 1.334037536397560293e-02 6.104867935671724928e-03 1.398418268839469797e-03
9.250000000000000000e+03 1.311356936580634729e-02 6.054308924978776298e-03 1.387788410859894760e-03 1.311356936580634729e-02 6.054308924978776298e-03 1.387788410859894760e-03
9.300000000000000000e+03 1.288885132372357897e-02 6.003296857955912023e-03 1.377399536149352850e-03 1.288885132372357897e-02 6.003296857955912023e-03 1.377399536149352850e-03
9.350000000000000000e+03 1.266646037308942312e-02 5.951820602439887066e-03 1.366934748044880800e-03 1.266646037308942312e-02 5.951820602439887066e-03 1.366934748044880800e-03
9.400000000000000000e+03 1.244643362167176075e-02 5.899879650722370319e-03 1.356395319546879231e-03 1.244643362167176075e-02 5.899879650722370319e-03 1.356395319546879231e-03
9.450000000000000000e+03 1.222878862115996633e-02 5.847487721658597634e-03 1.345792384504175630e-03 1.222878862115996633e-02 5.847487721658597634e-03 1.345792384504175630e-03
9.500000000000000000e+03 1.201367999778640838e-02 5.794710978029423733e-03 1.335048448348569129e-03 1.201367999778640838e-02 5.794710978029423733e-03 1.335048448348569129e-03
9.550000000000000000e+03 1.185645935352564774e-02 5.757154940494235880e-03 6.020386714037038664e-03 1.185645935352564774e-02 5.757154940494235880e-03 6.020386714037038664e-03
9.600000000000000000e+03 1.162770152177040710e-02 5.703581367976520884e-03 1.321658845185654180e-03 1.162770152177040710e-02 5.703581367976520884e-03 1.321658845185654180e-03
9.650000000000000000e+03 1.144018314989895049e-02 5.656801561517941015e-03 1.306656212481185865e-03 1.144018314989895049e-02 5.656801561517941015e-03 1.306656212481185865e-03
9.700000000000000000e+03 1.125471557335035525e-02 5.609169739701450053e-03 1.297220685442786051e-03 1.125471557335035525e-02 5.609169739701450053e-03 1.297220685442786051e-03
9.750000000000000000e+03 1.107182317315264126e-02 5.561066407149761748e-03 1.287938733188245767e-03 1.107182317315264126e-02 5.561066407149761748e-03 1.287938733188245767e-03
9.800000000000000000e+03 1.089121264598322258e-02 5.512278978443481414e-03 1.278548230724159407e-03 1.089121264598322258e-02 5.512278978443481414e-03 1.278548230724159407e-03
9.850000000000000000e+03 1.071291159704606914e-02 5.462826700018667651e-03 1.269022195761790534e-03 1.071291159704606914e-02 5.462826700018667651e-03 1.269022195761790534e-03
9.900000000000000000e+03 1.053692541826852999e-02 5.412730395652599370e-03 1.259364366761982343e-03 1.053692541826852999e-02 5.412730395652599370e-03 1.259364366761982343e-03
9.950000000000000000e+03 1.036327223000366171e-02 5.362003354460392196e-03 1.249577758045035143e-03 1.036327223000366171e-02 5.362003354460392196e-03 1.249577758045035143e-03
1.000000000000000000e+04 1.019206530796382647e-02 5.310688440838581825e-03 1.239605176025940746e-03 1.019206530796382647e-02 5.310688440838581825e-03 1.239605176025940746e-03
1.005000000000000000e+04 1.014827569937268650e-02 5.282272208759452616e-03 2.106473628201905104e-02 1.014827569937268650e-02 5.282272208759452616e-03 2.106473628201905104e-02
1.010000000000000000e+04 9.887963451181182306e-03 5.219638305967639648e-03 1.223000136761205137e-03 9.887963451181182306e-03 5.219638305967639648e-03 1.223000136761205137e-03
1.015000000000000000e+04 9.742399009725290562e-03 5.174129507290394121e-03 1.212684366176588298e-03 9.742399009725290562e-03 5.174129507290394121e-03 1.212684366176588298e-03
1.020000000000000000e+04 9.597733422543809623e-03 5.126868447704151233e-03 1.203786849825085395e-03 9.597733422543809623e-03 5.126868447704151233e-03 1.203786849825085395e-03
1.025000000000000000e+04 9.455445067678721824e-03 5.078916321639933597e-03 1.195100364721479302e-03 9.455445067678721824e-03 5.078916321639933597e-03 1.195100364721479302e-03
1.030000000000000000e+04 9.315239838404081735e-03 5.030128877141948514e-03 1.186250340475648347e-03 9.315239838404081735e-03 5.030128877141948514e-03 1.186250340475648347e-03
1.035000000000000000e+04 9.177119391592599568e-03 4.980537373488137277e-03 1.177214224018610297e-03 9.177119391592599568e-03 4.980537373488137277e-03 1.177214224018610297e-03
1.040000000000000000e+04 9.041071500615418394e-03 4.930167134022269901e-03 1.167997597023587080e-03 9.041071500615418394e-03 4.930167134022269901e-03 1.167997597023587080e-03
1.045000000000000000e+04 8.907095891795609871e-03 4.879035106352867801e-03 1.158604623916908083e-03 8.907095891795609871e-03 4.879035106352867801e-03 1.158604623916908083e-03
1.050000000000000000e+04 8.775183909317828268e-03 4.827141083810489001e-03 1.149070240185555772e-03 8.775183909317828268e-03 4.827141083810489001e-03 1.149070240185555772e-03
1.055000000000000000e+04 8.864493632128803494e-03 4.803673360720296139e-03 4.255903391126182600e-02 8.864493632128803494e-03 4.803673360720296139e-03 4.255903391126182600e-02
1.060000000000000000e+04 8.541922101017829921e-03 4.734418980433568319e-03 1.145924049320378281e-03 8.541922101017829921e-03 4.734418980433568319e-03 1.145924049320378281e-03
1.065000000000000000e+04 8.431397890776085036e-03 4.689143516175428572e-03 1.123042086494734429e-03 8.431397890776085036e-03 4.689143516175428572e-03 1.123042086494734429e-03
1.070000000000000000e+04 8.321061973295176481e-03 4.641351901561813209e-03 1.114086453676412869e-03 8.321061973295176481e-03 4.641351901561813209e-03 1.114086453676412869e-03
1.075000000000000000e+04 8.212701066336912728e-03 4.592764778255238947e-03 1.105781452337610419e-03 8.212701066336912728e-03 4.592764778255238947e-03 1.105781452337610419e-03
1.080000000000000000e+04 8.105973236077821178e-03 4.543217433155046121e-03 1.097291537808668064e-03 8.105973236077821178e-03 4.543217433155046121e-03 1.097291537808668064e-03
1.085000000000000000e+04 8.000825663294588996e-03 4.492751862773796540e-03 1.088599806523459987e-03 8.000825663294588996e-03 4.492751862773796540e-03 1.088599806523459987e-03
1.090000000000000000e+04 7.897186465222666429e-03 4.441403999163511494e-03 1.079715770149404074e-03 7.897186465222666429e-03 4.441403999163511494e-03 1.079715770149404074e-03
1.095000000000000000e+04 7.794995913010065863e-03 4.389195712700847372e-03 1.070645689780611596e-03 7.794995913010065863e-03 4.389195712700847372e-03 1.070645689780611596e-03
1.100000000000000000e+04 7.694210189853136622e-03 4.336140758995099022e-03 1.061381997003848316e-03 7.694210189853136622e-03 4.336140758995099022e-03 1.061381997003848316e-03
1.105000000000000000e+04 7.600347958753216060e-03 4.282728994048894816e-03 1.399458638524388003e-03 7.600347958753216060e-03 4.282728994048894816e-03 1.399458638524388003e-03
1.110000000000000000e+04 7.519214605516807461e-03 4.244623279626854109e-03 1.168508589008706352e-03 7.519214605516807461e-03 4.244623279626854109e-03 1.168508589008706352e-03
1.115000000000000000e+04 7.430127391126046393e-03 4.197272574389804972e-03 1.037002354274322745e-03 7.430127391126046393e-03 4.197272574389804972e-03 1.037002354274322745e-03
1.120000000000000000e+04 7.344475052973144583e-03 4.149040842508910400e-03 1.028060331238912295e-03 7.344475052973144583e-03 4.149040842508910400e-03 1.028060331238912295e-03
1.125000000000000000e+04 7.260078710065681271e-03 4.099860154897906443e-03 1.020239852509871332e-03 7.260078710065681271e-03 4.099860154897906443e-03 1.020239852509871332e-03
1.130000000000000000e+04 7.176522069451138700e-03 4.049569677318422094e-03 1.012231908592390716e-03 7.176522069451138700e-03 4.049569677318422094e-03 1.012231908592390716e-03
1.135000000000000000e+04 7.093642566754761007e-03 3.998238750557369173e-03 1.004035297092602383e-03 7.093642566754761007e-03 3.998238750557369173e-03 1.004035297092602383e-03
1.140000000000000000e+04 7.011278194658153440e-03 3.945918358951063833e-03 9.956611776854664992e-04 7.011278194658153440e-03 3.945918358951063833e-03 9.956611776854664992e-04
1.145000000000000000e+04 6.929283273684800140e-03 3.892635879490015730e-03 9.871184206751890643e-04 6.929283273684800140e-03 3.892635879490015730e-03 9.871184206751890643e-04
1.150000000000000000e+04 6.847479163854733666e-03 3.838381429538216712e-03 9.785136624247121710e-04 6.847479163854733666e-03 3.838381429538216712e-03 9.785136624247121710e-04
1.155000000000000000e+04 6.870774688301018243e-03 3.769893744606621876e-03 3.152774597316065214e-02 6.870774688301018243e-03 3.769893744606621876e-03 3.152774597316065214e-02
1.160000000000000000e+04 6.706660459395727761e-03 3.749290203512455327e-03 1.153114028997383710e-03 6.706660459395727761e-03 3.749290203512455327e-03 1.153114028997383710e-03
1.165000000000000000e+04 6.630912123050246298e-03 3.701537929492092205e-03 9.559435278167668611e-04 6.630912123050246298e-03 3.701537929492092205e-03 9.559435278167668611e-04
1.170000000000000000e+04 6.558306271283652518e-03 3.653544057881688047e-03 9.487388921308306583e-04 6.558306271283652518e-03 3.653544057881688047e-03 9.487388921308306583e-04
1.175000000000000000e+04 6.485727603310764353e-03 3.604446402686324689e-03 9.416994217904136287e-04 6.485727603310764353e-03 3.604446402686324689e-03 9.416994217904136287e-04
1.180000000000000000e+04 6.412769947754331200e-03 3.554233680960067806e-03 9.344969504601314354e-04 6.412769947754331200e-03 3.554233680960067806e-03 9.344969504601314354e-04
1.185000000000000000e+04 6.339161695478889164e-03 3.503028503918268702e-03 9.271452358740358939e-04 6.339161695478889164e-03 3.503028503918268702e-03 9.271452358740358939e-04
1.190000000000000000e+04 6.264663417089171536e-03 3.450922113239987196e-03 9.196601582719527140e-04 6.264663417089171536e-03 3.450922113239987196e-03 9.196601582719527140e-04
1.195000000000000000e+04 6.189059144894105621e-03 3.397986195021469435e-03 9.120571030897937264e-04 6.189059144894105621e-03 3.397986195021469435e-03 9.120571030897937264e-04
1.200000000000000000e+04 6.112635340031665962e-03 3.344569412429169736e-03 9.106086606323895386e-04 6.112635340031665962e-03 3.344569412429169736e-03 9.106086606323895386e-04
1.205000000000000000e+04 6.128026525709768212e-03 3.314143914544244885e-03 1.556012052386951915e-02 6.128026525709768212e-03 3.314143914544244885e-03 1.556012052386951915e-02
1.210000000000000000e+04 5.977222881380079948e-03 3.258810443634681947e-03 9.645236081675947429e-04 5.977222881380079948e-03 3.258810443634681947e-03 9.645236081675947429e-04
1.215000000000000000e+04 5.907551708402902779e-03 3.215283261266499090e-03 8.864539875321753287e-04 5.907551708402902779e-03 3.215283261266499090e-03 8.864539875321753287e-04
1.220000000000000000e+04 5.835761700808663778e-03 3.169989308385812339e-03 8.800997316664348679e-04 5.835761700808663778e-03 3.169989308385812339e-03 8.800997316664348679e-04
1.225000000000000000e+04 5.762524459226651269e-03 3.123842472257705102e-03 8.741447935298691857e-04 5.762524459226651269e-03 3.123842472257705102e-03 8.741447935298691857e-04
1.230000000000000000e+04 5.687706014322705186e-03 3.077093729358675814e-03 8.680527379176288189e-04 5.687706014322705186e-03 3.077093729358675814e-03 8.680527379176288189e-04
1.235000000000000000e+04 5.611099879811585166e-03 3.029901369554379494e-03 8.618481245687448786e-04 5.611099879811585166e-03 3.029901369554379494e-03 8.618481245687448786e-04
1.240000000000000000e+04 5.532570737511391043e-03 2.982395697934860177e-03 8.555392258444646531e-04 5.532570737511391043e-03 2.982395697934860177e-03 8.555392258444646531e-04
1.245000000000000000e+04 5.452033471166938157e-03 2.934688641974025989e-03 8.491285461866387692e-04 5.452033471166938157e-03 2.934688641974025989e-03 8.491285461866387692e-04
1.250000000000000000e+04 5.476301580813373350e-03 2.869518851259970655e-03 3.114806204817747656e-02 5.476301580813373350e-03 2.869518851259970655e-03 3.114806204817747656e-02
1.255000000000000000e+04 5.319221267021504579e-03 2.858707123533548236e-03 2.386800972525538085e-03 5.319221267021504579e-03 2.858707123533548236e-03 2.386800972525538085e-03
1.260000000000000000e+04 5.235202667682991792e-03 2.817700421675299084e-03 8.499538567253322498e-04 5.235202667682991792e-03 2.817700421675299084e-03 8.499538567253322498e-04
1.265000000000000000e+04 5.161221556739685294e-03 2.780610291775920031e-03 8.280665736289745307e-04 5.161221556739685294e-03 2.780610291775920031e-03 8.280665736289745307e-04
1.270000000000000000e+04 5.085501223887976818e-03 2.742991307171032279e-03 8.225710838244170483e-04 5.085501223887976818e-03 2.742991307171032279e-03 8.225710838244170483e-04
1.275000000000000000e+04 5.008467150638235346e-03 2.705240574148224438e-03 8.170194994056632996e-04 5.008467150638235346e-03 2.705240574148224438e-03 8.170194994056632996e-04
1.280000000000000000e+04 4.930188473839947592e-03 2.667504257580478877e-03 8.111973274720096251e-04 4.930188473839947592e-03 2.667504257580478877e-03 8.111973274720096251e-04
1.285000000000000000e+04 4.850730243172643626e-03 2.629845206372178473e-03 8.050993681767951334e-04 4.850730243172643626e-03 2.629845206372178473e-03 8.050993681767951334e-04
1.290000000000000000e+04 4.770199062972423423e-03 2.592296334700414963e-03 7.987113222793958958e-04 4.770199062972423423e-03 2.592296334700414963e-03 7.987113222793958958e-04
1.295000000000000000e+04 4.688732949301718106e-03 2.554859772425994730e-03 7.920171726272486534e-04 4.688732949301718106e-03 2.554859772425994730e-03 7.920171726272486534e-04
1.300000000000000000e+04 6.779447825197290785e-03 2.454407109445687352e-03 5.106018267589418347e-01 6.779447825197290785e-03 2.454407109445687352e-03 5.106018267589418347e-01
1.305000000000000000e+04 4.551861915817621319e-03 2.494441767572849484e-03 8.577120759459554199e-04 4.551861915817621319e-03 2.494441767572849484e-03 8.577120759459554199e-04
1.310000000000000000e+04 4.486814063511695462e-03 2.466540266850639814e-03 7.849618800220115695e-04 4.486814063511695462e-03 2.466540266850639814e-03 7.849618800220115695e-04
1.315000000000000000e+04 4.418282606375238154e-03 2.436815571405071858e-03 7.668357831321129768e-04 4.418282606375238154e-03 2.436815571405071858e-03 7.668357831321129768e-04
1.320000000000000000e+04 4.350577392343988464e-03 2.407177985748090287e-03 7.597469280999281276e-04 4.350577392343988464e-03 2.407177985748090287e-03 7.597469280999281276e-04
1.325000000000000000e+04 4.283970356008769131e-03 2.377199964703283382e-03 7.522385768295376026e-04 4.283970356008769131e-03 2.377199964703283382e-03 7.522385768295376026e-04
1.330000000000000000e+04 4.219351686004739650e-03 2.346747044026601097e-03 7.442429515887434522e-04 4.219351686004739650e-03 2.346747044026601097e-03 7.442429515887434522e-04
1.335000000000000000e+04 4.157930501286767958e-03 2.315722926727566307e-03 7.356815621083182986e-04 4.157930501286767958e-03 2.315722926727566307e-03 7.356815621083182986e-04
1.340000000000000000e+04 4.100985639216836280e-03 2.284082054731796131e-03 7.264792536985807334e-04 4.100985639216836280e-03 2.284082054731796131e-03 7.264792536985807334e-04
1.345000000000000000e+04 4.049419437191358918e-03 2.251860140674263096e-03 7.165967193505849665e-04 4.049419437191358918e-03 2.251860140674263096e-03 7.165967193505849665e-04
1.350000000000000000e+04 4.185918139910343137e-03 2.241201313118919205e-03 3.570279330177307531e-02 4.185918139910343137e-03 2.241201313118919205e-03 3.570279330177307531e-02
1.355000000000000000e+04 3.982993617008829222e-03 2.201989548444511276e-03 1.001349636184784442e-03 3.982993617008829222e-03 2.201989548444511276e-03 1.001349636184784442e-03
1.360000000000000000e+04 3.951331111968797716e-03 2.177134968308937647e-03 6.925469212611881512e-04 3.951331111968797716e-03 2.177134968308937647e-03 6.925469212611881512e-04
1.365000000000000000e+04 3.921238080147149835e-03 2.150761460710379734e-03 6.786853868264205569e-04 3.921238080147149835e-03 2.150761460710379734e-03 6.786853868264205569e-04
1.370000000000000000e+04 3.892411619068640236e-03 2.124049114613875498e-03 6.684438686422426723e-04 3.892411619068640236e-03 2.124049114613875498e-03 6.684438686422426723e-04
1.375000000000000000e+04 3.864535164577546575e-03 2.097121125116005198e-03 6.580409602453837856e-04 3.864535164577546575e-03 2.097121125116005198e-03 6.580409602453837856e-04
1.380000000000000000e+04 3.837286028352088554e-03 2.069943266479982048e-03 6.475229219878561636e-04 3.837286028352088554e-03 2.069943266479982048e-03 6.475229219878561636e-04
1.385000000000000000e+04 3.810447668092595795e-03 2.042487149365815238e-03 6.369067895391099981e-04 3.810447668092595795e-03 2.042487149365815238e-03 6.369067895391099981e-04
1.390000000000000000e+04 3.783862640416253698e-03 2.014733468401341907e-03 6.261999699588568580e-04 3.783862640416253698e-03 2.014733468401341907e-03 6.261999699588568580e-04
1.395000000000000000e+04 3.757433132329188533e-03 1.986704053651704768e-03 6.154611213294499403e-04 3.757433132329188533e-03 1.986704053651704768e-03 6.154611213294499403e-04
1.400000000000000000e+04 3.743540955963301636e-03 1.968418218303630805e-03 1.036717146275135384e-03 3.743540955963301636e-03 1.968418218303630805e-03 1.036717146275135384e-03
1.405000000000000000e+04 3.727928865616467972e-03 1.950302527051206609e-03 7.409217861013670144e-04 3.727928865616467972e-03 1.950302527051206609e-03 7.409217861013670144e-04
1.410000000000000000e+04 3.705500597015272748e-03 1.926388931502089020e-03 5.888667100042733202e-04 3.705500597015272748e-03 1.926388931502089020e-03 5.888667100042733202e-04
1.415000000000000000e+04 3.684336275311060269e-03 1.903204963756335725e-03 5.794547833739343776e-04 3.684336275311060269e-03 1.903204963756335725e-03 5.794547833739343776e-04
1.420000000000000000e+04 3.662988912609877259e-03 1.879809851609995711e-03 5.700495121554960626e-04 3.662988912609877259e-03 1.879809851609995711e-03 5.700495121554960626e-04
1.425000000000000000e+04 3.641361339267582421e-03 1.856179971169890069e-03 5.606089951578744918e-04 3.641361339267582421e-03 1.856179971169890069e-03 5.606089951578744918e-04
1.430000000000000000e+04 3.619432626273406516e-03 1.832323469242365518e-03 5.511376804704504325e-04 3.619432626273406516e-03 1.832323469242365518e-03 5.511376804704504325e-04
1.435000000000000000e+04 3.597203610273942264e-03 1.808253143157142724e-03 5.416306040385834505e-04 3.597203610273942264e-03 1.808253143157142724e-03 5.416306040385834505e-04
1.440000000000000000e+04 3.574685919917372934e-03 1.783982556584140684e-03 5.320804249288325601e-04 3.574685919917372934e-03 1.783982556584140684e-03 5.320804249288325601e-04
1.445000000000000000e+04 3.551898395264313849e-03 1.759523906367734588e-03 5.224801613095861027e-04 3.551898395264313849e-03 1.759523906367734588e-03 5.224801613095861027e-04
1.450000000000000000e+04 3.811039309213619126e-03 1.720881501111825055e-03 6.511682917065479692e-02 3.811039309213619126e-03 1.720881501111825055e-03 6.511682917065479692e-02
1.455000000000000000e+04 3.528398527139042784e-03 1.726767158028002288e-03 8.376675574372068013e-04 3.528398527139042784e-03 1.726767158028002288e-03 8.376675574372068013e-04
1.460000000000000000e+04 3.510167175399747479e-03 1.708689158644222756e-03 4.998442070828144857e-04 3.510167175399747479e-03 1.708689158644222756e-03 4.998442070828144857e-04
1.465000000000000000e+04 3.491929432996852736e-03 1.688766817391524656e-03 4.914127678207848076e-04 3.491929432996852736e-03 1.688766817391524656e-03 4.914127678207848076e-04
1.470000000000000000e+04 3.473531305665742471e-03 1.668624475500530505e-03 4.831087434313800387e-04 3.473531305665742471e-03 1.668624475500530505e-03 4.831087434313800387e-04
1.475000000000000000e+04 3.454889867195515100e-03 1.648237410159101874e-03 4.748186013609346882e-04 3.454889867195515100e-03 1.648237410159101874e-03 4.748186013609346882e-04
1.480000000000000000e+04 3.436007038931969664e-03 1.627609833665297732e-03 4.665097939422279219e-04 3.436007038931969664e-03 1.627609833665297732e-03 4.665097939422279219e-04
1.485000000000000000e+04 3.416893926633600854e-03 1.606732271374359004e-03 4.581808349319600846e-04 3.416893926633600854e-03 1.606732271374359004e-03 4.581808349319600846e-04
1.490000000000000000e+04 3.397567028979786661e-03 1.585597130831956601e-03 4.498249997155828132e-04 3.397567028979786661e-03 1.585597130831956601e-03 4.498249997155828132e-04
1.495000000000000000e+04 3.378042031278185708e-03 1.564198179419209892e-03 4.414351758057230655e-04 3.378042031278185708e-03 1.564198179419209892e-03 4.414351758057230655e-04
1.500000000000000000e+04 3.358334123789853513e-03 1.542535532213093518e-03 4.330010739885686594e-04 3.358334123789853513e-03 1.542535532213093518e-03 4.330010739885686594e-04
1.500000000000000000e+04 3.358334123789853513e-03 1.542535532213093518e-03 4.330010739885686594e-04 3.358334123789853513e-03 1.542535532213093518e-03 4.330010739885686594e-04
1.505000000000000000e+04 3.356572571266877060e-03 1.541882720618966253e-03 5.385977021688538027e-04 3.356572571266877060e-03 1.541882720618966253e-03 5.385977021688538027e-04
1.510000000000000000e+04 3.356417839494103134e-03 1.542787827354284366e-03 4.332056090022669476e-04 3.356417839494103134e-03 1.542787827354284366e-03 4.332056090022669476e-04
1.515000000000000000e+04 3.286685218763905989e-03 1.482682527869640067e-03 4.202945149800911616e-04 3.286685218763905989e-03 1.482682527869640067e-03 4.202945149800911616e-04
1.520000000000000000e+04 3.053506450455969936e-03 1.391762904633561584e-03 3.891255100748912182e-04 3.053506450455969936e-03 1.391762904633561584e-03 3.891255100748912182e-04
1.525000000000000000e+04 3.101331976997120064e-03 1.329461353112347619e-03 1.709131666953621256e-04 3.101331976997120064e-03 1.329461353112347619e-03 1.709131666953621256e-04
1.530000000000000000e+04 3.092276195612037124e-03 1.217358121851653966e-03 7.206560727393186033e-05 3.092276195612037124e-03 1.217358121851653966e-03 7.206560727393186033e-05
1.535000000000000000e+04 2.746101561102215396e-03 9.480308612197793985e-04 6.855812824596627228e-05 2.746101561102215396e-03 9.480308612197793985e-04 6.855812824596627228e-05
1.540000000000000000e+04 2.405266817990593317e-03 6.256125587709015102e-04 1.336718938622886044e-04 2.405266817990593317e-03 6.256125587709015102e-04 1.336718938622886044e-04
1.545000000000000000e+04 2.080315337646954348e-03 5.262076574000714444e-04 1.286504303118919776e-04 2.080315337646954348e-03 5.262076574000714444e-04 1.286504303118919776e-04
1.550000000000000000e+04 1.845090803066451847e-03 4.689276141033106343e-04 1.461955551813252344e-04 1.845090803066451847e-03 4.689276141033106343e-04 1.461955551813252344e-04
1.555000000000000000e+04 1.619844031185806599e-03 4.775429126578913347e-04 1.332710084259962477e-04 1.619844031185806599e-03 4.775429126578913347e-04 1.332710084259962477e-04
1.560000000000000000e+04 1.306874889369512467e-03 4.169755002713320486e-04 1.535420628577756266e-04 1.306874889369512467e-03 4.169755002713320486e-04 1.535420628577756266e-04
1.565000000000000000e+04 1.005797535439368088e-03 4.099138884431622774e-04 1.344812804425531204e-04 1.005797535439368088e-03 4.099138884431622774e-04 1.344812804425531204e-04
1.570000000000000000e+04 1.000192888317457361e-03 3.574631514594230498e-04 1.073658009809953968e-04 1.000192888317457361e-03 3.574631514594230498e-04 1.073658009809953968e-04
1.575000000000000000e+04 9.252006831255463019e-04 2.949329779620271435e-04 1.074333567661981672e-04 9.252006831255463019e-04 2.949329779620271435e-04 1.074333567661981672e-04
1.580000000000000000e+04 8.874810798289903919e-04 2.236362976313991118e-04 6.467410901486738924e-05 8.874810798289903919e-04 2.236362976313991118e-04 6.467410901486738924e-05
1.585000000000000000e+04 8.406604403297111882e-04 1.574099555876681410e-04 5.747325772578127843e-05 8.406604403297111882e-04 1.574099555876681410e-04 5.747325772578127843e-05
1.590000000000000000e+04 7.943977250211986399e-04 1.177500948681714401e-04 4.207002396820729023e-05 7.943977250211986399e-04 1.177500948681714401e-04 4.207002396820729023e-05
1.595000000000000000e+04 6.904381707422443774e-04 1.084724245593467862e-04 5.123477758722126744e-05 6.904381707422443774e-04 1.084724245593467862e-04 5.123477758722126744e-05
1.600000000000000000e+04 6.181127548918387976e-04 7.354351340288148428e-05 4.973182058780925259e-05 6.181127548918387976e-04 7.354351340288148428e-05 4.973182058780925259e-05
1.605000000000000000e+04 5.533463275650742650e-04 7.980471511581749776e-05 4.619119014996668710e-05 5.533463275650742650e-04 7.980471511581749776e-05 4.619119014996668710e-05
1.610000000000000000e+04 5.007040953750684477e-04 7.848982536263430371e-05 4.059549213501158942e-05 5.007040953750684477e-04 7.848982536263430371e-05 4.059549213501158942e-05
1.615000000000000000e+04 4.384662446435632602e-04 5.129498172629282283e-05 3.731330269684763549e-05 4.384662446435632602e-04 5.129498172629282283e-05 3.731330269684763549e-05
1.620000000000000000e+04 4.156874674184734804e-04 3.897663535653488818e-05 5.071147847026337874e-05 4.156874674184734804e-04 3.897663535653488818e-05 5.071147847026337874e-05
1.625000000000000000e+04 4.070927302837210396e-04 4.130773470084353488e-05 4.338091622969113769e-05 4.070927302837210396e-04 4.130773470084353488e-05 4.338091622969113769e-05
1.630000000000000000e+04 3.524205627937636223e-04 4.419707012238597655e-05 5.942576112385385834e-05 3.524205627937636223e-04 4.419707012238597655e-05 5.942576112385385834e-05
1.635000000000000000e+04 3.347670325226584777e-04 5.115425865665564238e-05 4.482573988749678870e-05 3.347670325226584777e-04 5.115425865665564238e-05 4.482573988749678870e-05
1.640000000000000000e+04 3.144543953187829526e-04 5.652865830913978329e-05 3.623313791504269131e-05 3.144543953187829526e-04 5.652865830913978329e-05 3.623313791504269131e-05
1.645000000000000000e+04 3.113850865032440356e-04 4.780505825398417689e-05 3.495419456806304767e-05 3.113850865032440356e-04 4.780505825398417689e-05 3.495419456806304767e-05
1.650000000000000000e+04 2.957859854918962737e-04 3.589086336280131222e-05 3.777776287748441065e-05 2.957859854918962737e-04 3.589086336280131222e-05 3.777776287748441065e-05
1.655000000000000000e+04 2.867339456070468282e-04 3.169869608489165892e-05 3.480656658977164660e-05 2.867339456070468282e-04 3.169869608489165892e-05 3.480656658977164660e-05
1.660000000000000000e+04 2.782891690593445721e-04 2.976932485980097491e-05 3.481484467541811359e-05 2.782891690593445721e-04 2.976932485980097491e-05 3.481484467541811359e-05
1.665000000000000000e+04 2.639465742153470208e-04 3.070143299589699352e-05 3.651954169616743510e-05 2.639465742153470208e-04 3.070143299589699352e-05 3.651954169616743510e-05
1.670000000000000000e+04 2.535337856493196491e-04 3.047747772880298522e-05 3.853450716820865541e-05 2.535337856493196491e-04 3.047747772880298522e-05 3.853450716820865541e-05
1.675000000000000000e+04 2.477744732756472184e-04 2.904035196282883936e-05 3.458163447211680576e-05 2.477744732756472184e-04 2.904035196282883936e-05 3.458163447211680576e-05
1.680000000000000000e+04 2.382214357165629765e-04 3.028137102004030331e-05 3.406593975120560466e-05 2.382214357165629765e-04 3.028137102004030331e-05 3.406593975120560466e-05
1.685000000000000000e+04 2.240120707735905701e-04 3.163293933702896837e-05 3.435870940773072530e-05 2.240120707735905701e-04 3.163293933702896837e-05 3.435870940773072530e-05
1.690000000000000000e+04 2.074273656041265271e-04 3.002947640469888664e-05 2.572673928841806148e-05 2.074273656041265271e-04 3.002947640469888664e-05 2.572673928841806148e-05
1.695000000000000000e+04 1.783327202948272686e-04 2.858610508657931444e-05 2.740461189032309213e-05 1.783327202948272686e-04 2.858610508657931444e-05 2.740461189032309213e-05
1.700000000000000000e+04 1.728390383664546426e-04 2.731082305447598454e-05 2.216657269878395900e-05 1.728390383664546426e-04 2.731082305447598454e-05 2.216657269878395900e-05
1.705000000000000000e+04 1.643589113906915409e-04 2.611058048731945295e-05 2.244675461450833991e-05 1.643589113906915409e-04 2.611058048731945295e-05 2.244675461450833991e-05
1.710000000000000000e+04 1.563533125168651140e-04 2.555898727734801779e-05 1.682933020602269588e-05 1.563533125168651140e-04 2.555898727734801779e-05 1.682933020602269588e-05
1.715000000000000000e+04 1.421570468601987601e-04 2.718583752360277881e-05 1.648640255289619323e-05 1.421570468601987601e-04 2.718583752360277881e-05 1.648640255289619323e-05
1.720000000000000000e+04 1.327827940121656858e-04 2.095952805123013973e-05 1.451935097873455301e-05 1.327827940121656858e-04 2.095952805123013973e-05 1.451935097873455301e-05
1.725000000000000000e+04 1.255205517782816799e-04 2.297244051133236700e-05 1.062273991443332989e-05 1.255205517782816799e-04 2.297244051133236700e-05 1.062273991443332989e-05
1.730000000000000000e+04 1.225071981511204825e-04 2.250501293603608108e-05 9.637633752425048221e-06 1.225071981511204825e-04 2.250501293603608108e-05 9.637633752425048221e-06
1.735000000000000000e+04 1.133822991266569087e-04 2.273572368323849600e-05 9.592846054273613943e-06 1.133822991266569087e-04 2.273572368323849600e-05 9.592846054273613943e-06
1.740000000000000000e+04 1.106039526219430782e-04 2.237068289373150999e-05 8.693521483367687652e-06 1.106039526219430782e-04 2.237068289373150999e-05 8.693521483367687652e-06
1.745000000000000000e+04 1.090481521263513416e-04 2.140051525263160894e-05 7.684846001196459970e-06 1.090481521263513416e-04 2.140051525263160894e-05 7.684846001196459970e-06
1.750000000000000000e+04 1.058440218177575463e-04 2.027420992478074055e-05 7.472700423399694510e-06 1.058440218177575463e-04 2.027420992478074055e-05 7.472700423399694510e-06
1.755000000000000000e+04 1.052204154286124482e-04 1.949026131176552501e-05 7.221591333300021856e-06 1.052204154286124482e-04 1.949026131176552501e-05 7.221591333300021856e-06
1.760000000000000000e+04 1.008538207160579177e-04 1.696981571534680416e-05 7.078807794883717092e-06 1.008538207160579177e-04 1.696981571534680416e-05 7.078807794883717092e-06
1.765000000000000000e+04 1.006356377078568726e-04 1.561356988416659139e-05 6.065304981617406066e-06 1.006356377078568726e-04 1.561356988416659139e-05 6.065304981617406066e-06
1.770000000000000000e+04 9.905236665052583088e-05 1.536668247053640132e-05 6.418277032205969333e-06 9.905236665052583088e-05 1.536668247053640132e-05 6.418277032205969333e-06
1.775000000000000000e+04 9.885553371098462880e-05 1.515747924664290693e-05 6.201602617227228144e-06 9.885553371098462880e-05 1.515747924664290693e-05 6.201602617227228144e-06
1.780000000000000000e+04 9.878995329348069982e-05 1.433901357179033812e-05 6.001505134444266493e-06 9.878995329348069982e-05 1.433901357179033812e-05 6.001505134444266493e-06
1.785000000000000000e+04 9.712813434032598211e-05 1.447083606272182471e-05 5.893643005836802305e-06 9.712813434032598211e-05 1.447083606272182471e-05 5.893643005836802305e-06
1.790000000000000000e+04 9.430135027058867434e-05 1.320269185272368919e-05 5.557694665585028484e-06 9.430135027058867434e-05 1.320269185272368919e-05 5.557694665585028484e-06
1.795000000000000000e+04 8.766214154619032513e-05 1.253010827539571278e-05 7.034400019890328302e-06 8.766214154619032513e-05 1.253010827539571278e-05 7.034400019890328302e-06
1.800000000000000000e+04 8.266645850048548732e-05 1.215397018309466436e-05 4.219410353917346388e-06 8.266645850048548732e-05 1.215397018309466436e-05 4.219410353917346388e-06
1.805000000000000000e+04 7.816543675953041928e-05 1.144790926955939302e-05 3.377923696935460085e-06 7.816543675953041928e-05 1.144790926955939302e-05 3.377923696935460085e-06
1.810000000000000000e+04 7.324476148587775017e-05 1.148470035897031875e-05 3.681455766610838742e-06 7.324476148587775017e-05 1.148470035897031875e-05 3.681455766610838742e-06
1.815000000000000000e+04 7.049853301179931765e-05 1.057302625122019709e-05 3.936836361778026253e-06 7.049853301179931765e-05 1.057302625122019709e-05 3.936836361778026253e-06
1.820000000000000000e+04 6.957064882714632020e-05 1.000268741974972428e-05 3.242428731476329620e-06 6.957064882714632020e-05 1.000268741974972428e-05 3.242428731476329620e-06
1.825000000000000000e+04 6.659311453180246265e-05 9.938062852180867907e-06 2.711875124188005106e-06 6.659311453180246265e-05 9.938062852180867907e-06 2.711875124188005106e-06
1.830000000000000000e+04 6.554856569737761653e-05 8.780568813258161771e-06 1.779629201163191507e-06 6.554856569737761653e-05 8.780568813258161771e-06 1.779629201163191507e-06
1.835000000000000000e+04 6.211121147905032463e-05 9.285637987652862002e-06 1.625631569302422956e-06 6.211121147905032463e-05 9.285637987652862002e-06 1.625631569302422956e-06
1.840000000000000000e+04 5.912218947416933299e-05 9.458145442750640183e-06 1.525704245650566729e-06 5.912218947416933299e-05 9.458145442750640183e-06 1.525704245650566729e-06
1.845000000000000000e+04 5.787631428930210256e-05 7.306514734946275276e-06 1.018392161563423347e-06 5.787631428930210256e-05 7.306514734946275276e-06 1.018392161563423347e-06
1.850000000000000000e+04 5.487131504312172769e-05 6.692983972865899763e-06 1.161581689027714271e-06 5.487131504312172769e-05 6.692983972865899763e-06 1.161581689027714271e-06
1.855000000000000000e+04 5.195708424953032317e-05 5.492944075399594003e-06 1.779433533855566431e-06 5.195708424953032317e-05 5.492944075399594003e-06 1.779433533855566431e-06
1.860000000000000000e+04 5.017889219216865485e-05 5.746690647944232547e-06 1.541089518485680899e-06 5.017889219216865485e-05 5.746690647944232547e-06 1.541089518485680899e-06
1.865000000000000000e+04 4.692349263593056843e-05 5.980577158837650690e-06 1.981905127080466961e-06 4.692349263593056843e-05 5.980577158837650690e-06 1.981905127080466961e-06
1.870000000000000000e+04 4.587193523625310770e-05 5.509194956398068678e-06 1.232444237311648098e-06 4.587193523625310770e-05 5.509194956398068678e-06 1.232444237311648098e-06
1.875000000000000000e+04 4.427970359125084772e-05 6.009686146983605752e-06 1.212481720658615134e-06 4.427970359125084772e-05 6.009686146983605752e-06 1.212481720658615134e-06
1.880000000000000000e+04 4.333504765511951286e-05 6.251036911036423807e-06 1.187072223920214230e-06 4.333504765511951286e-05 6.251036911036423807e-06 1.187072223920214230e-06
1.885000000000000000e+04 4.274473444836185128e-05 5.827747532966557095e-06 1.282037861280152105e-06 4.274473444836185128e-05 5.827747532966557095e-06 1.282037861280152105e-06
1.890000000000000000e+04 4.098812693555980215e-05 5.121122330942134718e-06 1.304415285075677125e-06 4.098812693555980215e-05 5.121122330942134718e-06 1.304415285075677125e-06
1.895000000000000000e+04 3.868090208171440995e-05 5.001925241600638579e-06 1.558571992421913079e-06 3.868090208171440995e-05 5.001925241600638579e-06 1.558571992421913079e-06
1.900000000000000000e+04 3.438859288042964997e-05 5.118552358407103280e-06 1.412217668559994803e-06 3.438859288042964997e-05 5.118552358407103280e-06 1.412217668559994803e-06
1.905000000000000000e+04 3.240471340944835464e-05 4.362344437373508370e-06 1.623245070584946544e-06 3.240471340944835464e-05 4.362344437373508370e-06 1.623245070584946544e-06
1.910000000000000000e+04 3.102097443569142249e-05 4.429563368369490180e-06 2.165930425420386289e-06 3.102097443569142249e-05 4.429563368369490180e-06 2.165930425420386289e-06
1.915000000000000000e+04 2.978459642079218033e-05 4.496143336488503915e-06 2.315208974733686837e-06 2.978459642079218033e-05 4.496143336488503915e-06 2.315208974733686837e-06
1.920000000000000000e+04 2.902534810100855975e-05 4.121835121357064091e-06 1.977095087002566253e-06 2.902534810100855975e-05 4.121835121357064091e-06 1.977095087002566253e-06
1.925000000000000000e+04 2.814002972946021131e-05 4.017746812539244538e-06 2.288391689405500723e-06 2.814002972946021131e-05 4.017746812539244538e-06 2.288391689405500723e-06
1.930000000000000000e+04 2.778543497079607501e-05 4.253326635116721729e-06 1.531706030248090174e-06 2.778543497079607501e-05 4.253326635116721729e-06 1.531706030248090174e-06
1.935000000000000000e+04 2.672860949574516667e-05 4.281803560715149517e-06 1.178642215706913540e-06 2.672860949574516667e-05 4.281803560715149517e-06 1.178642215706913540e-06
1.940000000000000000e+04 2.380052118705196389e-05 4.726195410813312388e-06 1.054183431747361454e-06 2.380052118705196389e-05 4.726195410813312388e-06 1.054183431747361454e-06
1.945000000000000000e+04 2.126793170945063746e-05 4.941400888802362622e-06 1.385015583737020482e-06 2.126793170945063746e-05 4.941400888802362622e-06 1.385015583737020482e-06
1.950000000000000000e+04 2.047674925137183731e-05 4.509299589055247152e-06 1.438020290121157424e-06 2.047674925137183731e-05 4.509299589055247152e-06 1.438020290121157424e-06
1.955000000000000000e+04 2.044632333205244039e-05 4.188130420135661217e-06 1.315122036573715546e-06 2.044632333205244039e-05 4.188130420135661217e-06 1.315122036573715546e-06
1.960000000000000000e+04 2.036877721400991224e-05 4.054424315613524486e-06 1.420667469770438569e-06 2.036877721400991224e-05 4.054424315613524486e-06 1.420667469770438569e-06
1.965000000000000000e+04 2.009239991203722519e-05 3.718016611133360710e-06 1.417121518090006225e-06 2.009239991203722519e-05 3.718016611133360710e-06 1.417121518090006225e-06
1.970000000000000000e+04 1.947786918242945387e-05 3.680447358971690366e-06 1.640949953762282088e-06 1.947786918242945387e-05 3.680447358971690366e-06 1.640949953762282088e-06
1.975000000000000000e+04 1.893499598163756562e-05 3.446043767704241157e-06 1.813301085157691366e-06 1.893499598163756562e-05 3.446043767704241157e-06 1.813301085157691366e-06
1.980000000000000000e+04 1.885907450933328052e-05 3.472134628753043216e-06 1.654259620251488783e-06 1.885907450933328052e-05 3.472134628753043216e-06 1.654259620251488783e-06
1.985000000000000000e+04 1.867163424054397281e-05 3.361369778286026057e-06 1.556536755299528077e-06 1.867163424054397281e-05 3.361369778286026057e-06 1.556536755299528077e-06
1.990000000000000000e+04 1.831203019657667107e-05 3.222560088803256935e-06 1.479521282772125266e-06 1.831203019657667107e-05 3.222560088803256935e-06 1.479521282772125266e-06
1.995000000000000000e+04 1.823771523757755026e-05 3.127648574797190716e-06 1.459257249167068334e-06 1.823771523757755026e-05 3.127648574797190716e-06 1.459257249167068334e-06
2.000000000000000000e+04 1.813963159953108870e-05 3.004566761698625595e-06 1.506851876991189113e-06 1.813963159953108870e-05 3.004566761698625595e-06 1.506851876991189113e-06
2.005000000000000000e+04 1.794549835854686198e-05 2.912349221399015816e-06 1.625730587084780850e-06 1.794549835854686198e-05 2.912349221399015816e-06 1.625730587084780850e-06
2.010000000000000000e+04 1.762309785127198379e-05 2.767046951058786306e-06 1.702452534157979038e-06 1.762309785127198379e-05 2.767046951058786306e-06 1.702452534157979038e-06
2.015000000000000000e+04 1.708896670643282909e-05 2.827086104297983221e-06 1.750585205337561930e-06 1.708896670643282909e-05 2.827086104297983221e-06 1.750585205337561930e-06
2.020000000000000000e+04 1.706059272829567428e-05 2.848872440624840458e-06 1.729165421847621772e-06 1.706059272829567428e-05 2.848872440624840458e-06 1.729165421847621772e-06
2.025000000000000000e+04 1.705832193888216064e-05 2.850459039183787757e-06 1.726677011820661487e-06 1.705832193888216064e-05 2.850459039183787757e-06 1.726677011820661487e-06
2.030000000000000000e+04 1.705569588732574858e-05 2.852083445836248268e-06 1.725048073553612055e-06 1.705569588732574858e-05 2.852083445836248268e-06 1.725048073553612055e-06
2.035000000000000000e+04 1.705305986942188366e-05 2.853655206824505072e-06 1.723875934663546205e-06 1.705305986942188366e-05 2.853655206824505072e-06 1.723875934663546205e-06
2.040000000000000000e+04 1.705051647609884843e-05 2.855090168703385800e-06 1.723044295570800592e-06 1.705051647609884843e-05 2.855090168703385800e-06 1.723044295570800592e-06
2.045000000000000000e+04 1.704809372990108202e-05 2.856363850745154609e-06 1.722480207574477768e-06 1.704809372990108202e-05 2.856363850745154609e-06 1.722480207574477768e-06
2.050000000000000000e+04 1.704579398309356687e-05 2.857476081370142929e-06 1.722130802029117102e-06 1.704579398309356687e-05 2.857476081370142929e-06 1.722130802029117102e-06
2.055000000000000000e+04 1.704361107074253565e-05 2.858436490866654509e-06 1.721954891148248068e-06 1.704361107074253565e-05 2.858436490866654509e-06 1.721954891148248068e-06
2.060000000000000000e+04 1.704153653295596412e-05 2.859258272679564078e-06 1.721919281274803682e-06 1.704153653295596412e-05 2.859258272679564078e-06 1.721919281274803682e-06
2.065000000000000000e+04 1.703956181560694946e-05 2.859955406058072955e-06 1.721996843926852538e-06 1.703956181560694946e-05 2.859955406058072955e-06 1.721996843926852538e-06
2.070000000000000000e+04 1.703767897816358930e-05 2.860541412864089495e-06 1.722165299350045275e-06 1.703767897816358930e-05 2.860541412864089495e-06 1.722165299350045275e-06
2.075000000000000000e+04 1.703588085600183958e-05 2.861028827003067818e-06 1.722406331347853993e-06 1.703588085600183958e-05 2.861028827003067818e-06 1.722406331347853993e-06
2.080000000000000000e+04 1.703416103393230957e-05 2.861429006357554433e-06 1.722704889495608812e-06 1.703416103393230957e-05 2.861429006357554433e-06 1.722704889495608812e-06
2.085000000000000000e+04 1.703251376424900771e-05 2.861752111445969935e-06 1.723048619460563716e-06 1.703251376424900771e-05 2.861752111445969935e-06 1.723048619460563716e-06
2.090000000000000000e+04 1.703093387757536982e-05 2.862007163502827261e-06 1.723427392280031141e-06 1.703093387757536982e-05 2.862007163502827261e-06 1.723427392280031141e-06
2.095000000000000000e+04 1.702941670246363088e-05 2.862202137302792166e-06 1.723832914390325786e-06 1.702941670246363088e-05 2.862202137302792166e-06 1.723832914390325786e-06
2.100000000000000000e+04 1.702795799747696198e-05 2.862344065561230659e-06 1.724258404839641357e-06 1.702795799747696198e-05 2.862344065561230659e-06 1.724258404839641357e-06
2.105000000000000000e+04 1.702655389530192818e-05 2.862439143044504080e-06 1.724698328502646770e-06 1.702655389530192818e-05 2.862439143044504080e-06 1.724698328502646770e-06
2.110000000000000000e+04 1.702520085697435025e-05 2.862492824591383506e-06 1.725148175909400152e-06 1.702520085697435025e-05 2.862492824591383506e-06 1.725148175909400152e-06
2.115000000000000000e+04 1.702389563432275493e-05 2.862509914521698054e-06 1.725604281684659919e-06 1.702389563432275493e-05 2.862509914521698054e-06 1.725604281684659919e-06
2.120000000000000000e+04 1.702263523880003914e-05 2.862494646670878017e-06 1.726063675024469434e-06 1.702263523880003914e-05 2.862494646670878017e-06 1.726063675024469434e-06
2.125000000000000000e+04 1.702141691534068919e-05 2.862450755208312823e-06 1.726523956467905005e-06 1.702141691534068919e-05 2.862450755208312823e-06 1.726523956467905005e-06
2.130000000000000000e+04 1.702023812008345509e-05 2.862381536854241038e-06 1.726983196451413685e-06 1.702023812008345509e-05 2.862381536854241038e-06 1.726983196451413685e-06
2.135000000000000000e+04 1.701909650115597788e-05 2.862289905283658856e-06 1.727439851750026503e-06 1.701909650115597788e-05 2.862289905283658856e-06 1.727439851750026503e-06
2.140000000000000000e+04 1.701798988185263393e-05 2.862178438585730293e-06 1.727892696628601343e-06 1.701798988185263393e-05 2.862178438585730293e-06 1.727892696628601343e-06
2.145000000000000000e+04 1.701691624577724170e-05 2.862049420593926793e-06 1.728340766131642369e-06 1.701691624577724170e-05 2.862049420593926793e-06 1.728340766131642369e-06
2.150000000000000000e+04 1.701587372354684667e-05 2.861904876858528432e-06 1.728783309326922304e-06 1.701587372354684667e-05 2.861904876858528432e-06 1.728783309326922304e-06
2.155000000000000000e+04 1.701486058083051165e-05 2.861746605954423628e-06 1.729219750802829648e-06 1.701486058083051165e-05 2.861746605954423628e-06 1.729219750802829648e-06
2.160000000000000000e+04 1.701387520749981743e-05 2.861576206739945252e-06 1.729649658893223199e-06 1.701387520749981743e-05 2.861576206739945252e-06 1.729649658893223199e-06
2.165000000000000000e+04 1.701291610776684124e-05 2.861395102108260188e-06 1.730072719478112190e-06 1.701291610776684124e-05 2.861395102108260188e-06 1.730072719478112190e-06
2.170000000000000000e+04 1.701198189116433665e-05 2.861204559699017267e-06 1.730488714382114059e-06 1.701198189116433665e-05 2.861204559699017267e-06 1.730488714382114059e-06
2.175000000000000000e+04 1.701107126427251550e-05 2.861005709984097773e-06 1.730897503560312258e-06 1.701107126427251550e-05 2.861005709984097773e-06 1.730897503560312258e-06
2.180000000000000000e+04 1.701018302314749145e-05 2.860799562071859834e-06 1.731299010399579806e-06 1.701018302314749145e-05 2.860799562071859834e-06 1.731299010399579806e-06
2.185000000000000000e+04 1.700931604634392747e-05 2.860587017545983461e-06 1.731693209606478036e-06 1.700931604634392747e-05 2.860587017545983461e-06 1.731693209606478036e-06
2.190000000000000000e+04 1.700846928851287957e-05 2.860368882592648364e-06 1.732080117209719306e-06 1.700846928851287957e-05 2.860368882592648364e-06 1.732080117209719306e-06
2.195000000000000000e+04 1.700764177450284930e-05 2.860145878646251120e-06 1.732459782318675335e-06 1.700764177450284930e-05 2.860145878646251120e-06 1.732459782318675335e-06
2.200000000000000000e+04 1.700683259394551188e-05 2.859918651752511620e-06 1.732832280335208999e-06 1.700683259394551188e-05 2.859918651752511620e-06 1.732832280335208999e-06
